12, -13, 50, 45, 37, 44, -7, 37, 46, 15, 40, 30,
3, 53, 2, 36, 29, 35, 35, 45, 48, 46, 20, 41,
30, 19, 32, 54, 14, -22, -9, 21, -3, -11, 50, 17,
28, -10, 39, -13, 45, 40, -6, 31, -15, 25, 35, 42,
1, 36, -11, -8, 17, -9, 57, 25, 4, 30, 13, 45,
-5, -29, -21, -10, -19, 8, -25, 39, 76, 9, 65, 3,
38, -26, -1, -18, 13, -8, 30, 23, 53, 11, -9, 42,
27, 17, 78, -11, 26, 46, -7, 5, -24, -1, 8, -6,
39, 29, -9, 26, 63, 2, 23, 4, 47, 16, 39, -2,
47, 17, 18, 24, -3, -2, 75, 30, 27, 29, 53, 40,
41, 2, 55, 40, 34, 20, 7, 72, -22, -31, 14, 26,
41, 29, -21, 24, -19, -5, 47, 26, -27, 42, -45, 3,
36, -4, 35, 49, 14, 54, 46, 15, -15, -4, 25, 21,
38, 35, -4, -30, 29, 10, 27, 13, 71, 37, -7, 39,
-49, 47, -11, -15, 24, 39, -12, 5, -17, -25, 16, -18,
24, -4, -4, -14, -40, 21, 36, -12, 21, -14, 13, 21,
-2, 17, -8, 4, 42, 2, 32, -7, -12, 8, 12, -37,
-4, 9, 10, 11, -6, 3, -48, -39, 2, -9, -10, -32,
10, -1, -12, -10, -26, 7, -10, 3, -54, 9, -28, -14,
15, -6, -19, -14, -7, 4, -24, -16, 0, -21, -10, -15,
7, 14, 19, -20, -6, 17, -14, -8, 1, -45, 6, 7,
-18, -10, 16, -26, 41, -23, -42, 40, 12, -28, 23, 3,
-42, -19, -26, -15, 19, 16, -34, 3, 14, -16, -24, 6,
-26, 16, 21, -41, -2, -10, -17, -31, 3, -7, -37, 12,
-43, 3, -33, -18, -34, -24, 26, -6, 10, -36, -18, -2,
-2, -18, 48, 16, -42, 8, 10, -102, -94, -19, -3, -35,
12, -66, 17, -1, -12, 39, 30, 0, -45, 43, 5, -79,
-118, -19, -13, -12, 47, -79, 37, -21, -8, -36, 24, -31,
10, 52, -12, -37, -77, -30, 43, 29, 41, -65, -13, -38,
23, 1, 26, -12, -11, 8, -7, 40, -35, 26, 28, 7,
-6, 27, 3, -25, -6, -11, 6, 6, 29, 14, -42, 47,
44, 20, 55, 16, -21, 21, -13, -38, -11, -12, -8, 38,
36, -26, 42, -7, 26, 50, -59, 25, -56, -21, 8, -14,
-6, 34, 19, 5, -38, -34, -15, -26, -23, -17, -46, -2,
-25, -28, -13, 43, -3, 25, -14, 29, 10, -10, 36, -29,
5, -20, -10, 5, 36, 12, 9, 30, -17, 6, -22, -4,
-2, 4, -18, 32, -22, -22, -20, 11, 19, 18, -34, 7,
13, -26, 19, 22, 4, -7, 11, 16, 10, 31, -24, 15,
29, 60, 15, -29, 48, 39, 20, 34, 47, 18, -15, 34,
7, 3, -15, 29, 15, 14, -21, 33, -1, 16, 28, 45,
23, 11, -39, -4, 12, -23, 15, 12, -18, -13, -19, 11,
31, 22, 31, 27, -9, -15, 12, 9, 36, -10, -41, -39,
-18, 28, 15, 17, -11, -10, -5, -29, -15, -7, 15, 1,
11, -3, -39, 40, -32, 43, 5, 14, -19, -19, -5, -9,
4, 31, -32, -11, 23, 20, -50, -5, -13, -5, -9, 4,
14, 4, -8, 16, 14, 13, 6, -20, -18, -5, -48, 15,
11, 36, 38, 29, 47, 19, 24, -14, 24, 20, -8, 13,
19, 46, -1, 51, 9, -2, 39, 27, 34, 25, 0, 23,
46, -18, 16, 38, -21, 28, -58, 21, -26, 3, 41, 5,
5, 44, 2, 32, 10, -6, 8, 14, 37, 39, -40, -25,
23, 0, 9, 44, 37, 9, 13, -2, -11, -27, 6, 6,
32, 23, -75, 2, -42, 22, 40, 14, 42, -6, -8, -1,
1, -22, 7, -21, 27, 25, -34, 43, 3, -6, 12, 64,
-5, 22, -31, 43, -36, -22, -21, -1, 16, -25, 45, -4,
14, 22, -37, 25, -20, -23, -4, -6, -37, -53, 40, 6,
29, -18, -10, -62, 1, -8, 33, -16, -21, -38, -5, -11,
5, 4, 6, 4, -1, 19, -4, -36, -36, -26, 30, 26,
-12, 18, -5, 23, -18, -24, -10, -22, 11, -42, -36, -66,
-11, -7, 9, -2, -19, -9, -39, -14, 21, 13, -57, 9,
-1, -31, -41, -9, -12, 17, 12, -38, -21, -21, -13, -9,
29, 11, -65, 32, 25, 28, -3, 31, -33, 30, -2, 5,
6, 33, -1, 26, 47, -40, 5, 39, 43, -4, -40, 34,
-25, 26, 25, 17, -9, 21, -1, 28, 8, -40, -18, 18,
56, -1, -40, 47, -31, 35, 24, 19, 25, 24, -19, -4,
2, -33, -21, 16, -5, -37, 15, -10, -6, 16, -21, 11,
-16, -49, 22, -24, 26, 12, -49, 0, 32, -10, -58, -34,
0, 12, -6, -30, 26, -44, 14, -34, -10, -29, -34, -3,
-27, -29, -46, -8, -4, -4, -19, -19, 34, -17, -33, -27,
9, -6, 6, -26, 24, -30, -23, 22, -31, 7, -2, -10,
-1, -36, 3, -12, 9, -17, -31, 44, 47, -4, -11, -2,
-23, 52, -25, 38, 26, -5, 40, 8, 4, 2, -3, 32,
56, 33, -14, 13, -9, 40, 38, 24, 0, -21, 21, 0,
-5, -22, 16, 40, 39, -4, -54, 41, -23, 50, 17, -6,
-10, 27, -1, -9, 7, -11, 26, -21, -28, -18, -40, 5,
13, 5, -19, -32, 12, 35, -16, 2, -23, -20, -3, -6,
18, -6, -10, 47, -13, 13, 28, 22, -7, -17, 4, 6,
29, -41, 24, 46, -3, 3, -36, 7, -43, 19, 45, 2,
20, 20, -8, 12, 12, 13, -2, -21, 14, 3, 23, 9,
2, 19, -1, -20, 7, -1, -40, 9, 38, -6, 27, 1,
10, 32, 30, 31, -5, -31, 19, 36, 30, 4, -1, -1,
9, 34, 23, -16, 18, 43, -12, 50, 31, -55, 19, 17,
19, -33, 39, 25, 27, -41, -5, 13, -32, 10, 15, 9,
-29, -9, 28, 0, 34, 15, 6, 2, -30, -13, 36, 21,
8, 23, 2, 17, -6, -30, 24, 5, 39, -17, 30, 27,
26, -28, 5, 5, 28, 24, 18, 54, 20, -14, 16, 37,
37, 38, -20, 28, 62, 37, 14, 44, 3, 44, -64, -6,
-10, 21, -5, 55, 65, 24, 61, 67, 12, 41, 6, -44,
-19, 7, -35, -9, 49, -14, 35, -18, -31, 39, 1, 50,
0, 31, 24, -37, -4, 11, -10, -2, 10, -40, -31, -5,
5, 15, 28, 29, -7, -3, 17, -16, -56, -15, -30, 18,
13, -51, 34, -29, 11, -34, 10, -26, -5, 20, 3, 46,
15, 17, 4, 45, 28, 18, -18, 26, 24, -13, 15, -33,
21, 2, 22, 4, -4, 10, -22, 39, -2, 1, 41, -9,
9, 29, 8, 8, -19, -23, -43, 7, 37, -26, -35, 3,
-70, 34, 1, 28, 17, -13, 21, 42, 4, -19, 3, 2,
-14, -32, -7, 10, -27, 2, 15, -25, 2, 28, -15, -14,
-29, -26, 6, -14, -14, 13, -14, -22, -2, -23, 24, -28,
-15, 39, -13, -4, 11, 17, -13, -36, -30, 21, 27, -33,
-21, 9, 41, 30, 7, 37, 42, 48, 24, 63, -23, 17,
-81, 37, 14, 53, -22, -35, 5, 16, 56, 15, 55, 43,
-13, 5, -31, -15, -9, 16, 23, 16, -19, 9, 2, 23,
10, 23, 67, 24, 10, 3, -4, -46, -21, -2, -29, 66,
17, -17, 23, 11, 15, 24, 21, 13, -6, -22, 10, -46,
-25, 26, 27, -6, 2, -1, 9, 39, 5, 17, 21, 10,
1, -37, -24, 11, -39, -19, 7, -3, -20, 10, -8, 39,
-28, 16, 16, 21, 35, -10, 38, 16, -28, 32, 0, 17,
1, 19, 27, 1, 19, 23, -7, -16, 24, 7, 10, 52,
-13, 53, -12, -19, 15, -21, 45, -36, -1, 0, 8, 1,
42, 45, 3, 25, 11, 38, 2, 3, -2, 19, 27, 0,
10, 20, 24, 24, 26, 53, 13, -32, -1, 51, 5, 19,
1, -34, 3, -15, -16, 26, 6, 29, 3, 15, -1, -14,
-70, -17, -14, 13, 37, -12, -27, 5, -28, 43, 35, 16,
34, 35, -13, -12, -15, 17, -39, 17, 3, 27, -14, 12,
-26, 15, 16, 16, 15, 1, -11, 51, 21, 39, -7, 21,
-13, -7, -11, 20, 29, -13, 7, 37, 12, 42, 13, 21,
-10, 17, -39, 28, 25, 62, 38, -9, 13, 18, 32, 30,
20, 45, 10, -12, -4, 55, 15, 6, 49, -13, 10, 31,
-24, 52, -3, 16, 64, -3, 1, 26, 17, 13, -2, 23,
-13, 29, -31, -27, 34, 21, -20, 0, 35, -35, -28, -5,
28, 4, -8, 29, -19, -12, 32, 33, -10, 23, 8, 9,
6, 7, -14, -31, 24, 1, -30, 38, -22, 1, -34, -22,
-29, -5, -30, -8, -40, 49, -14, -19, -26, -21, 2, -3,
-11, -12, -22, -43, -31, 5, -15, 19, -43, 31, -61, 12,
-5, -9, 11, 7, -2, 3, -21, -28, 18, -17, -10, 13,
0, 0, -48, -13, -47, 27, 6, 16, 36, -21, -13, 16,
-17, 26, 38, 15, 8, -6, -10, -5, -49, -31, 31, -34,
26, -22, -22, -32, 2, 10, -16, -27, -27, 32, -13, 10,
-47, 4, 44, -2, 32, -39, 6, 12, 10, -28, -4, -16,
11, -12, -9, 27, 46, 28, -29, 33, 32, 24, 0, -14,
26, 22, 10, 31, -18, 6, 0, 31, 23, -26, -17, -31,
13, 22, -12, -24, -14, -11, -40, -2, -9, -20, -25, -3,
46, -28, -17, -5, 17, 2, -1, -38, 8, -39, 3, -11,
-29, -40, -27, -2, 4, -29, -14, -33, -1, 14, -28, 3,
9, -29, -43, -12, 9, 21, 26, 9, 15, 12, -17, -20,
-29, 12, 11, 20, -18, -32, -41, -15, 1, -18, 21, 42,
28, -39, -30, 16, -12, 15, -4, 31, 26, -13, -33, 34,
10, -14, 29, -21, 9, 13, -28, 41, 37, -15, 5, -43,
12, -4, 11, 6, 33, 23, 19, 2, 37, 3, -2, 44,
44, -1, -23, -11, -35, 19, 12, -21, 14, 12, 38, 21,
40, 24, -21, 15, -11, 3, 26, 73, -12, 4, -43, 39,
18, -51, 0, -7, 17, 0, 46, -24, -52, -13, -35, 21,
-5, -20, -7, -9, 10, -15, 10, 9, 0, -21, 2, -28,
10, -15, 6, -4, 21, -34, -1, 12, 32, 18, 35, 8,
19, -9, 40, -14, -16, 38, 33, 47, 19, -5, 4, 28,
-29, -10, 57, -8, 33, 28, -25, 20, 10, 18, 15, 31,
43, 31, 15, 7, -25, 10, 36, 6, -17, -37, -48, -6,
24, -14, 33, -20, -9, 9, -24, 32, -26, 22, -12, 7,
6, -11, -41, 2, 2, -11, -12, -34, 2, -18, -19, 31,
24, 59, -26, 9, 24, 36, -57, 22, 23, -20, 8, -29,
16, 21, 22, -10, -1, 43, -19, -5, -13, -26, 14, -43,
40, -38, -32, 1, -30, -21, -34, -25, -26, 58, -39, -41,
2, -15, -2, -19, 40, -52, 9, 1, -38, -23, 21, -34,
-41, 4, -25, -40, 21, 3, -10, -34, 54, 2, -9, -23,
-18, -6, -4, 27, 22, -2, -6, -44, 3, -42, 1, 7,
6, 25, -4, 8, -37, -34, 26, 5, -25, 10, -10, 4,
-11, -50, -50, -24, 46, -48, 20, -3, -14, 5, 36, 4,
-19, 25, -6, 14, -4, -37, -11, -25, 18, -26, -15, -32,
23, 29, 0, 8, -20, 21, 2, -9, -9, 17, 20, 9,
21, 25, -8, -1, 35, -23, 23, 1, 13, 50, 25, 0,
-23, 6, -33, 66, 52, 2, 42, 19, 16, -25, -8, 18,
54, 47, 56, 52, 34, 47, -83, 70, 8, 61, 32, 1,
38, 23, 75, 16, 4, 57, 21, -8, 3, 30, -60, 43,
47, -17, 43, 50, 31, 57, 37, 52, 30, 97, -4, -29,
-52, 6, -27, -10, 63, -47, -10, 13, -37, 42, 46, 12,
4, 31, -7, -1, 10, 2, 0, -4, 30, 9, 5, -5,
-4, -7, 30, -12, 22, 31, 28, 36, -11, 19, -19, 42,
6, 40, 28, -11, 46, 27, 31, 24, 10, -37, -19, 14,
9, -21, -11, 12, 9, -10, 8, 0, 4, -26, -26, 0,
11, 21, 6, -10, -49, -31, -29, 16, -33, -22, 0, 0,
13, -35, -13, 6, 29, -21, -37, -33, -24, 20, 40, -35,
12, 7, -22, 4, 21, 9, 35, -2, 55, 39, 58, 63,
36, 45, 8, 46, 13, 20, 13, 52, 36, 10, -9, 38,
-2, -6, -3, 8, 66, 0, 25, 10, 23, 25, -12, 24,
49, 6, 57, 32, 36, 47, 23, 15, 23, -7, 34, 33,
-21, 23, 42, 10, 48, 45, 3, 29, -2, 23, 26, -8,
22, 24, 21, -10, 21, 10, -5, -8, 37, 36, -13, 15,
31, -22, -28, 7, 28, -14, 43, -6, -3, -16, -6, 35,
27, 27, -25, 7, 6, -16, 23, 2, -29, 6, 21, -43,
10, 17, 13, 32, -2, -20, 6, 9, -37, -26, 28, -33,
-37, -21, 0, -4, -24, -14, 5, -22, 26, -13, -13, 5,
20, -12, -22, -9, 23, 10, 11, -25, -33, -9, -12, -29,
-3, -20, -30, 17, -8, 18, 11, 16, -40, 59, -25, 18,
50, 29, 31, 16, 76, 36, 25, 9, -12, 24, -16, 0,
-6, 7, -6, 38, 59, 7, 50, 52, 60, 33, 30, 48,
9, -24, 7, 26, -19, -8, 19, 5, 18, 22, -10, -26,
-5, 22, 36, 16, -10, -7, 18, 1, -25, -15, -25, 30,
-1, 4, 26, 9, 3, -11, -4, 22, 1, 29, -31, 11,
3, -1, 31, 30, 2, 36, 27, 9, 46, 1, -3, -9,
1, -1, 8, 37, -32, 20, 13, 32, 42, 13, 8, 10,
8, 11, 19, 19, -34, 11, 15, -30, 5, 9, -11, -4,
20, 29, -24, 7, 4, 49, 10, 3, -24, 44, 10, -41,
-30, 11, 49, -14, 69, -22, -8, 38, -39, 48, -15, 2,
-18, 10, -22, 14, -21, 30, 20, 10, 30, 28, -13, -44,
16, 67, 8, 36, -14, 36, -18, 28, -41, -20, -4, 19,
-13, 7, 59, -6, 26, 33, 66, 47, 8, -18, 8, 37,
-32, -5, 7, -4, 42, 9, 18, 13, 58, 11, -4, 28,
26, -24, 19, 38, -18, -26, -41, 52, 30, -37, 5, -36,
20, 37, 35, 9, -11, 16, -37, -21, -23, 27, -10, 26,
33, 4, 49, 12, 67, 44, -4, 55, 31, -6, 8, 22,
-11, 23, -40, 26, 6, -26, 25, 17, -5, 37, 22, 42,
21, 29, 9, -1, -12, 60, -39, 26, -22, -14, -28, 15,
23, 18, 2, 15, 14, 46, 1, 41, -19, -6, -47, 17,
19, 5, 38, -1, 3, 51, 13, 39, 38, -16, 12, 45,
3, -8, 34, -24, -24, 21, 32, -8, 0, 12, 16, -17,
-22, -15, 44, -15, 27, 31, -25, 30, 43, -15, -6, 17,
16, -12, -8, -9, 16, -26, 21, 8, 8, -8, 11, 13,
-22, 4, -10, 7, 5, 30, -23, -1, 32, -24, -3, 34,
57, -1, -34, 2, -55, 41, 6, 4, 27, 12, -10, -19,
-3, -19, -14, 5, 61, -8, -22, 6, -40, -18, -13, -18,
11, 30, 27, 7, 26, -30, 37, -16, 75, 32, -52, 16,
16, 6, 46, -18, 7, -10, 25, 17, -25, 14, 10, 0,
51, -6, -39, -15, 21, 9, -7, 17, 23, 2, -27, 41,
4, -9, 29, -4, 53, 38, -4, -20, -29, -1, -22, -9,
-17, 28, 17, -21, 17, -29, -9, 10, -10, -54, -10, -18,
20, 23, -8, 26, -39, -7, 24, -50, -14, 43, -28, -33,
-4, 3, -21, 21, 39, 4, 5, -16, 16, -25, 0, 17,
-6, 18, 29, -17, 36, -21, 1, -10, 42, 12, -6, -7,
11, 43, -5, 2, -47, -16, -5, -6, 27, 5, -33, -21,
34, -51, -42, -40, -15, 9, 12, 14, -51, 0, 0, -37,
-30, -51, 5, -53, -15, -63, 13, -12, -27, -14, 11, -16,
-35, 31, -1, 1, -35, -31, -7, -24, 32, -43, -53, -65,
-20, -59, -9, -59, -40, -1, -36, -18, 17, -10, -23, -36,
-23, 14, -39, 5, 2, 1, -2, -14, -28, 8, -5, -13,
17, -10, 3, -34, -29, -14, -47, 13, 8, 2, 25, -38,
-6, -26, 5, -6, 27, 19, 8, -7, -21, -21, 5, 7,
-33, -27, 5, 10, 9, -6, 11, -41, -30, -54, -3, -15,
-41, -17, 18, -11, -27, -31, -17, -42, -18, 19, -2, -4,
28, -34, -36, -62, 6, -10, -34, -8, -53, -37, -4, -22,
-6, -30, -11, 3, 33, -1, -23, 21, -2, -18, 10, 3,
-14, -58, -61, -12, 19, -24, -30, -3, 40, -44, -49, -1,
-57, -36, -24, -54, -28, -16, -5, -42, 15, -44, -45, 40,
69, -36, -16, -20, -18, 12, -21, -21, -9, 19, -40, -14,
-19, -38, -23, 42, 44, 9, 11, -24, -26, 20, 33, -30,
29, 2, 14, 32, -16, -35, 38, 38, 65, 8, -40, -17,
-72, -3, -3, 45, 18, 42, -17, 18, -11, -34, 18, 16,
24, -12, 56, 33, -26, -9, -33, -17, 22, -19, 1, 16,
-13, -23, -32, -40, -17, -13, 59, 20, -22, -43, -24, -19,
17, 5, -16, -33, -28, -32, 13, -25, 15, -21, 20, 1,
-10, 15, 14, -17, 10, -22, -3, 27, -3, -45, -28, 29,
0, 13, 33, -3, -24, -30, 30, 10, 18, -5, -27, -11,
10, -13, 0, 32, 19, 29, 14, 6, 11, -2, -31, -9,
-27, -19, -26, -29, -32, 1, -10, -20, 19, 3, 44, 10,
-1, -19, -14, -24, -9, -22, -28, 26, -17, -33, -16, -1,
9, -14, 11, -46, -54, -9, -12, 33, -1, -49, -33, -14,
31, -25, -19, 2, 21, -37, -11, -16, -47, -8, 16, -1,
17, -42, -27, 14, 22, -5, 10, -4, 0, 12, -77, 39,
8, -4, 29, -10, 36, -2, 16, -1, 6, -18, 12, 20,
35, 28, -36, -31, 31, -29, 23, -24, -39, 5, 33, 4,
16, 25, -4, 8, 59, -35, -68, -15, 2, 6, -21, -3,
-3, 35, 13, 21, -35, -13, -11, -18, 48, -13, -64, 12,
27, -31, -16, 39, -7, 28, 48, 28, -30, 5, 26, 9,
53, -39, -45, -15, 59, -37, 12, 23, -2, -22, 21, -1,
-40, 3, 11, 24, 38, 12, -57, 31, 17, -15, 24, -5,
8, -5, 39, -7, 6, 20, 2, -3, 20, 15, -14, 2,
-9, -13, 34, 14, -15, 29, 4, -13, -3, -22, 11, 26,
32, 12, 6, 1, 19, -7, -1, -14, 14, -6, 5, 4,
-30, 25, 6, -1, 31, 32, -15, -24, 15, 18, 19, -16,
-15, 5, -8, 28, -34, -36, -51, -41, -27, -12, 20, 25,
13, -21, -4, -14, 11, 17, -43, -46, -43, 27, 14, -20,
39, 8, 33, 4, 12, 2, -12, -28, -22, -29, -27, -4,
-4, -14, -50, -1, 14, 16, -3, 3, -16, 24, 2, -16,
11, -30, -26, -3, -30, -52, 10, 32, 56, -21, 35, 26,
-42, -7, -19, -2, -32, 2, -59, -21, 4, -25, 18, 31,
32, 6, 59, -25, -35, -11, 21, 30, -42, -63, -41, 5,
-17, 13, 52, -4, 10, 30, 20, -20, -11, 24, -26, 26,
-20, -5, -12, 4, -7, -36, 5, -47, 23, -24, 4, -33,
18, -16, -28, -22, -12, -12, -47, -28, -21, -42, 4, -7,
52, 6, 16, -26, -65, 42, -15, 11, 6, -7, -4, 28,
4, -36, -9, -3, 33, -2, 28, -11, -65, 6, 10, 35,
12, 7, -35, 2, 9, -32, -12, 4, -5, -38, 49, -33,
-17, -15, -3, 28, -14, -47, -12, -22, -45, -1, 36, -35,
-43, -14, -7, -20, -41, -22, -10, 11, -23, -34, -11, -17,
2, -13, 17, -26, -29, -21, -11, -8, -31, -9, 10, -17,
1, -28, -22, -16, -12, -3, -29, 16, -17, -18, -5, 5,
-13, -7, -9, 2, -31, -12, 3, 16, 0, 7, -34, 27,
17, -19, 14, 21, -6, -5, 22, -32, -3, -31, -24, 29,
7, -52, 0, 41, 65, 8, 3, 33, -41, 65, 36, 20,
37, -7, -4, 21, -50, 43, -8, 13, -37, -36, 30, -23,
-5, -41, 21, -26, -41, -35, 1, -11, 26, -11, 11, 36,
6, 29, -19, -17, -36, 13, 8, 6, 21, -8, -7, -7,
15, -25, -7, 1, 58, 31, 10, 40, -5, 22, -14, 24,
-1, -18, 3, 13, 31, -9, 4, 9, 43, 35, -29, 5,
-50, -12, 0, 17, -22, 44, 8, -11, -54, -29, -18, -21,
-26, 20, -1, -36, 8, -38, -40, 9, -1, 28, -24, -7,
1, 17, 24, -67, -24, -29, -15, -1, 13, -55, -39, 5,
-58, -18, -42, -20, -13, -17, -24, 22, -5, -26, -49, -31,
1, -12, 2, 19, -31, -38, 33, 2, 9, -14, 1, 39,
25, 29, -31, -6, -30, 13, -16, 9, -21, 35, 44, 19,
30, -19, -40, 11, -55, -1, 53, 39, 33, -36, -40, -13,
5, -5, 33, -16, 3, 25, -49, -27, -8, 19, 14, 9,
52, 22, 28, -6, 28, -15, 21, 11, 15, -10, -21, 0,
-64, 22, 33, -13, 33, 24, -15, -21, 12, -23, 34, 24,
11, 22, -39, -51, -56, 26, 41, 6, 16, -3, -3, 24,
-12, 55, 4, 38, -17, 36, -7, -46, -65, -1, 27, -1,
14, -51, -2, 13, 21, -19, 15, -11, -16, -9, -5, -70,
-103, -50, -11, -27, 54, -27, 2, -28, -15, -38, 17, -45,
-17, 12, -62, 9, -96, 26, -7, -22, 24, -37, -43, -35,
10, -46, -7, -5, -43, 51, -26, -82, -68, 4, 3, 7,
46, -2, -43, -25, -23, -13, 27, -48, -19, -8, -3, -22,
-17, -25, -12, -27, 19, -49, -10, -19, -19, -25, 9, -6,
-26, 25, -18, 8, 11, -46, -23, -2, 3, -29, -12, -13,
-21, 2, -5, -18, -6, 47, 22, 32, 29, 10, 7, -12,
26, -13, -11, -12, 1, 2, 3, 6, 0, 29, -4, -1,
16, 19, -9, 27, 4, 34, 17, 0, 25, -12, -10, 26,
31, -16, -16, 12, 56, 13, 33, 25, -9, 4, 11, 10,
-27, 19, -19, 5, 3, -46, -24, -10, 49, -18, 42, 8,
-70, 26, 37, -2, 18, 9, 19, -2, -4, -22, 43, 6,
9, -33, 14, -16, -61, -31, -15, -1, 6, -44, 6, -11,
-24, -32, 31, -64, 0, -42, 2, -38, -15, -22, -7, 39,
-44, -30, -25, -24, 15, -37, 5, 28, 2, 1, 26, -26,
27, 36, -21, 11, -26, -18, 1, -42, 2, -27, 27, -37,
25, -33, 29, -22, 3, 14, -33, 25, 4, 4, -38, 9,
-38, -36, -20, -34, -23, -44, 37, -43, 0, -39, 6, -6,
26, -21, 6, -40, -44, 20, -28, -29, -26, -9, 15, -2,
-45, -24, -11, -25, -17, -50, 22, 22, -62, -35, -36, -3,
-28, -61, 40, 0, -36, 8, -19, -13, 1, -18, -58, -1,
-30, -10, 7, 23, -3, -36, 41, -38, -12, 6, -42, -42,
-21, -50, -53, -39, -54, -63, 10, 24, -12, -28, -10, -30,
3, 11, -38, -8, -54, -80, -6, -23, -38, -28, -26, -20,
21, -47, -1, -43, -73, 6, -38, -2, -4, -10, -14, -60,
74, 25, 19, 47, 47, 51, -29, 40, 16, 52, -5, 22,
39, 60, 63, 12, 67, -2, -53, 28, 38, 23, 7, 28,
-20, 86, -50, 35, 17, 7, 2, 29, 13, -12, -50, -6,
47, -21, -8, 11, -35, -24, -7, -4, 25, 4, -28, -18,
-10, -30, -1, -39, 5, -27, 49, -16, -37, 24, -9, 20,
-36, 23, -41, 6, -20, -18, 8, -46, -17, -27, 9, -33,
28, -43, -7, 35, 20, 26, 22, 5, 8, 45, 10, -5,
-29, -22, -35, 3, 23, -51, 28, 37, 37, 8, 7, 12,
2, 13, 19, -45, -63, 4, -43, -22, 10, -15, -7, -13,
-3, -10, 5, 39, -27, 78, -32, 3, -50, -2, -26, 37,
55, -53, 6, -37, -26, 30, 35, -20, -33, -14, 44, -10,
-27, 4, -33, -11, 36, -10, -3, 0, -25, -18, 6, -27,
14, 2, 16, 5, -19, 6, -60, -6, -12, -44, 25, 19,
-17, 22, 31, 12, -18, 31, -24, 6, 5, 20, -49, 35,
22, -9, 23, -4, -11, 1, 42, 23, 26, -1, 40, 45,
36, 40, -15, 8, 43, 52, 5, 21, 0, 48, 28, 40,
50, 1, 27, 62, 6, 84, -39, 45, 9, 50, 26, 33,
76, 51, 14, 45, 13, 29, 16, 15, -30, 22, 14, -14,
37, 4, 2, 0, 40, -21, 4, 53, -38, 36, -6, 11,
-10, 7, -46, -2, 25, -42, 17, -11, 9, 28, -2, -6,
-5, 72, 9, -1, -80, 3, -57, 10, 50, -32, -23, 14,
0, 39, -6, 34, 54, -10, 46, 29, 22, 13, 54, 38,
-18, 53, 33, 34, -7, 37, 6, 23, 45, 18, 29, 45,
5, -10, 68, -6, -5, 34, 11, 18, 13, 8, 19, 10,
24, 39, 34, 26, 58, 44, 59, 11, -7, -19, 8, 51,
42, 33, 52, 22, 5, 24, 30, 13, 18, 28, 60, -4,
62, 10, 25, 39, -17, 20, -13, 33, 20, -9, 40, 34,
60, -26, 26, 9, 31, 4, -20, 48, 34, 30, -18, -3,
-2, 52, -10, 14, 75, 37, 27, 30, 20, 21, -15, -6,
25, 40, 27, -4, 23, -4, 12, 16, 61, 51, 18, 9,
-3, 28, 41, -3, 7, 3, 29, 30, 6, 29, 28, 6,
11, 41, 12, 3, 40, 23, 59, 61, 24, 27, 14, -11,
10, 18, 5, 26, 70, -10, 20, -20, 32, 28, -7, 0,
13, 43, 49, 14, 4, 36, 10, 14, 43, 22, -14, 9,
-3, -8, -9, 35, 36, 6, 3, 4, 30, 52, 12, -19,
-8, -32, 34, -3, 4, -13, 40, -14, 14, 12, 31, 19,
-39, 13, -17, 18, -8, -14, 8, -32, -14, -27, 18, 13,
-6, 19, 25, -25, -37, 6, 33, 16, 36, 15, 14, -18,
-3, 34, 8, 17, -31, 24, 9, 10, -29, 11, -17, -20,
40, 26, -42, 10, -14, -25, 24, 34, 16, -29, 17, 9,
-23, 33, 21, -9, 2, 18, -11, 30, 0, 6, -11, 15,
-9, -12, 18, -24, -11, -10, -14, -18, 39, 4, 12, 28,
51, -3, -2, -27, 4, 8, 14, -4, -7, 17, -26, -15,
36, 10, 79, -24, -22, 34, -22, -29, 13, 17, 10, -24,
-8, -36, 3, -33, 0, 21, 49, -18, -23, -3, 5, -14,
39, 36, -23, -6, 16, -6, 34, 26, 4, 15, 28, 32,
-17, -15, 6, 7, 30, 1, 25, 13, -10, 21, 17, 10,
-44, -42, 39, -2, 24, -12, -18, -11, -6, -17, 6, -17,
20, 54, 26, -8, 4, -6, 56, 13, 45, -8, 38, 21,
-16, 21, 20, -5, 37, 0, -35, -12, 26, -3, -19, -13,
29, -31, -18, 12, 26, -5, 14, 3, 5, 23, 6, 36,
-10, -20, 40, -25, 46, -5, -30, -28, -19, 11, -35, 5,
4, -22, 11, 30, 37, 14, 5, 14, -25, 8, 0, -8,
30, 25, -7, 28, -21, 2, -6, -12, -13, 32, 50, -37,
-13, 7, 1, 20, -3, -4, -21, 19, -32, -8, 20, -34,
29, 8, 40, -16, -24, -17, 5, 17, -8, -33, 1, 2,
-67, -17, -26, 7, 33, -44, 42, -23, -2, -16, -7, -22,
-48, -21, -12, -54, 19, -46, -60, 34, 32, -11, 30, 5,
-20, 24, -34, 9, -59, 6, 4, -3, -36, -19, -49, 36,
22, -14, 44, 20, -38, 28, -38, -14, 8, 13, -6, 1,
-21, -2, -37, 44, 24, 35, 9, 12, -19, 58, -20, 28,
-21, 14, 3, 2, -6, 7, 14, 41, 46, 27, 31, -33,
6, 43, 22, 36, 11, 22, 25, 13, -40, 9, 38, 18,
11, -17, 51, 9, -26, 11, 14, -9, -20, -22, -6, -2,
-6, -4, -4, 22, 33, 10, 6, 2, -55, -2, -9, 38,
28, 31, 7, -24, 25, 18, 24, 29, 41, 19, 24, -7,
-50, 27, 3, -2, 40, -21, -29, 21, 18, 1, 34, 57,
67, -16, -12, 12, -7, 51, 12, 15, 12, -26, 15, -9,
22, 15, 38, 18, 48, 21, 25, 10, -16, 26, 35, 7,
16, -11, 22, -16, 2, 16, 44, 26, 47, 36, 22, 34,
-24, 11, -38, 43, 39, -41, -12, 13, 1, 8, 12, 8,
38, 22, 36, -5, -6, 48, -16, -14, 10, 11, -14, -4,
45, 29, -2, 10, 46, 24, 50, -30, -14, 33, -17, 7,
-18, -13, 31, -8, 30, -19, -4, 12, 0, -17, 53, -12,
-25, 41, -16, 12, 42, -16, 10, -2, 1, 15, -22, -33,
14, 36, -40, 24, -24, 36, -24, -8, 2, 20, -19, -10,
8, 0, -26, -46, -25, -33, -23, 1, 17, -55, 30, 23,
23, 3, 16, 19, -45, 47, 21, -30, -2, -46, -71, 15,
2, 4, 15, 27, -10, -11, 34, -17, -44, 48, 0, 7,
-36, 0, -16, 24, 28, -19, 20, 19, -4, -29, 15, -38,
15, -10, 19, 17, 10, 14, -72, 11, 25, -4, 16, -16,
-24, -16, 20, -4, -31, -10, 13, -12, 33, -15, -23, -17,
-1, 11, -57, -42, -59, -12, 48, 5, 8, 14, 2, -41,
27, 13, -30, -2, 8, 17, -35, -8, 5, 23, 8, -14,
1, -15, 1, -16, 24, 13, -15, -28, -35, 7, -19, 20,
9, -15, -9, -9, -12, -22, -31, 5, 7, -27, 18, 9,
8, 22, -8, -9, 14, 24, -10, -39, -31, -23, -33, 0,
22, -11, -40, -14, 26, 44, 5, -20, -18, -29, 18, -31,
46, 12, -18, 12, 60, 47, -11, 10, 18, 57, -16, -43,
-30, 11, -3, 14, 18, -28, -9, 37, 16, 8, -25, 8,
-42, 56, -32, 18, -24, 2, -32, -26, 38, -10, -16, 61,
49, 5, 0, -17, 7, 9, 4, -25, 8, -4, -29, 6,
-13, 8, 12, 42, 7, -9, -25, -7, -60, 43, 25, -37,
21, -12, 26, 2, -9, -30, -2, 3, -3, 15, -4, -24,
-16, -8, -4, 8, -30, -15, -17, 17, 30, -20, -32, -9,
15, 36, -5, -8, -54, 35, 18, -4, 13, 21, 14, 29,
-19, 19, 27, -36, -52, 21, 21, 28, 42, -7, -12, -10,
-10, 18, -9, -8, 24, -10, -18, -11, -18, 17, 20, 31,
49, -39, -3, 5, 25, -4, 6, -23, -23, 25, 1, -30,
-5, 18, 12, 24, 35, -2, -19, -4, 35, -27, 4, -4,
16, 6, 15, 12, -25, 25, -1, 22, 7, 13, -10, 7,
18, 9, -3, 29, -4, -10, -10, 59, 19, 10, 3, -14,
6, 33, -14, 34, 37, 40, 13, 2, 3, 21, 28, 21,
2, -10, 30, 23, 32, 22, 13, 19, 8, 12, -10, -6,
27, 18, 15, -40, 2, -10, 22, -23, 65, 8, 19, -21,
-8, 26, 31, 17, -34, 49, 29, -45, -55, 9, -9, 2,
20, -49, -27, -12, 24, 6, 10, 38, -32, -51, -2, -30,
-19, -56, 19, -30, -11, -55, 28, 31, 6, 8, -47, -26,
3, -23, 24, -36, -11, -9, -1, -21, -20, -49, 8, 12,
-20, 13, -8, 9, 8, -27, 26, 0, -27, 3, -20, -5,
-18, 17, -20, -23, 13, -25, -4, 2, -6, 8, -2, 13,
-7, 21, -15, -12, -34, 36, 2, -21, 32, 26, -1, -4,
4, 48, 3, 11, 79, 7, -11, 44, -19, 17, 22, 20,
16, 43, 1, 21, 44, 32, 17, 64, 55, -1, 11, 33,
0, 45, 2, -6, 65, 68, -2, 35, 24, -34, 16, -21,
59, -18, -9, 14, -26, 44, -12, 0, -18, -13, 1, 6,
6, 34, 45, 17, 1, -22, -12, -11, 26, 19, -11, -1,
-4, 7, 10, 34, 16, 16, 23, -36, 31, -18, 3, -30,
-12, -38, -13, 36, -35, 13, -1, 27, -36, 17, 28, 8,
21, 3, 43, 23, -5, -45, 2, -23, 12, -33, -2, -3,
-6, -9, -6, 12, 46, -50, 22, -2, -38, 18, 7, 22,
-7, -37, 14, 16, -11, -29, -14, 8, 50, -13, 2, -33,
-6, 12, 12, -1, -33, -9, -17, -2, -5, -21, -10, 62,
16, 29, 42, -1, -31, 12, -20, 5, 22, 22, -25, -23,
35, -18, 1, 27, 85, 9, 50, -13, -54, 25, -42, -15,
40, -15, -7, 9, 7, -1, 9, 17, 92, 8, 2, -22,
-20, -10, 16, -1, 28, 31, 17, 37, 21, 13, -17, -8,
39, -26, 17, -18, -29, 21, -11, 3, -20, -6, -30, -28,
51, -19, 57, 20, 81, -14, 12, -18, -15, -5, 38, 1,
-8, -27, 30, 26, -52, -46, 11, 12, 21, -50, 62, -12,
-13, 2, 2, 26, -35, 0, 6, 2, 1, 18, 11, -3,
68, -11, 11, -4, -20, -8, -41, 0, -22, 14, -40, -62,
-15, 1, -27, -27, 84, -15, 53, -57, -79, 30, -59, -15,
-43, -53, -48, -38, -11, -13, -6, -13, 82, -20, 31, -56,
-23, 1, -48, -14, -44, -52, -30, -2, 2, -64, -41, 21,
73, -39, 23, -72, -13, -1, -20, -14, -42, -54, -54, 14,
-3, -43, -24, -27, 39, 3, 53, -61, -8, 2, -24, -21,
-49, -51, -60, -14, -20, -11, -6, -38, 71, -45, 51, 0,
-10, 8, -23, 32, -50, -21, -23, -29, 36, 17, 18, 40,
4, 55, -21, 47, -18, 18, 41, -8, 0, -23, -4, 1,
6, 18, -15, 2, 10, 36, -33, -3, -1, 79, -11, 2,
26, 46, 34, 4, 86, -10, 2, 69, 34, 15, 2, 45,
-38, 73, 16, 34, 32, 60, 20, 30, 61, -17, 46, 37,
57, 69, -16, 34, -17, 31, 41, 61, 60, 20, 20, 45,
34, -40, 23, 51, 49, 66, 7, 27, -20, 66, -8, 19,
40, 15, -5, 30, 53, -38, -13, 56, 32, 48, -16, 36,
14, 38, -14, -5, -14, -10, -3, 43, -1, -18, 22, 14,
60, 6, -15, 28, -30, 52, 44, 20, 17, 2, 20, 28,
41, -5, -11, 56, 25, 25, -42, 45, 6, 60, 13, 30,
17, 34, -20, 0, 16, -23, -7, 33, 52, 14, 87, -42,
-38, 68, -12, 17, 8, -30, -10, 41, -28, -67, -5, -31,
67, -4, 70, -52, -51, 39, 1, -17, -35, 17, 33, 29,
-21, -35, 15, 19, -13, -25, 30, -25, 6, -24, 52, 20,
-19, 15, 26, 24, -14, 33, 24, -25, 3, 14, 26, -4,
33, 3, -4, -4, -17, -14, 18, 27, -24, 58, 0, 2,
-23, -38, -1, -38, 64, -21, 8, 16, -27, -1, -19, 40,
25, 35, -31, 26, -9, 2, 16, -9, 25, 12, -25, -29,
-27, 3, -17, -9, 47, 17, -42, 39, 80, 14, 26, 21,
20, 55, -24, -9, 30, -28, 29, 2, 39, -53, -38, 46,
85, 26, 67, -32, -57, 103, -18, -1, -13, -45, -8, -31,
4, 36, -28, -32, -14, -13, -82, 9, 33, 3, -3, 13,
0, -14, 43, -13, 16, 29, 14, -38, 16, 31, -106, -15,
64, -12, 3, 3, 18, -13, 12, -19, 0, 16, -11, -13,
9, -24, -83, 0, 48, 18, -20, -7, -30, -12, 16, -7,
-3, 28, -15, -27, 13, 16, -53, -9, 34, -4, 25, -16,
37, -32, 47, -9, -3, 57, -20, -17, 2, 31, -95, -11,
32, 9, -15, -20, 10, -1, 16, -22, 3, 39, -44, 26,
5, -13, -17, 21, 45, 49, 4, 6, -27, 24, 45, -4,
-28, 7, -55, -7, -8, 1, -59, 20, 74, -34, 3, 6,
23, -19, -4, -22, -5, -10, -60, -28, -17, 7, -39, -19,
5, -41, -11, -9, -49, -47, 39, -47, 30, 10, 10, 23,
-15, 13, 17, 10, -2, 20, 13, 7, -17, -1, -23, 23,
33, 38, -19, 2, -4, 21, 3, 37, 50, 20, 32, -4,
41, 21, 6, 23, -19, 65, 59, -29, -40, -16, -9, 0,
43, 9, 44, 22, 16, 21, 27, 16, 0, 54, 15, -30,
-8, -19, 33, -39, 25, -29, 6, -20, 31, 16, 2, 22,
4, 39, 0, 20, -38, -9, 5, -4, 19, -45, 8, -39,
-29, -17, 5, -4, 13, 13, 8, -27, -3, -9, -5, 19,
-14, -19, 17, -16, -26, -1, 0, -12, 23, 30, -19, -5,
9, 34, -23, -21, 38, 43, 0, 11, -39, -18, -14, 0,
26, 34, 3, 10, 21, 55, 10, 24, -3, 1, -6, -29,
-18, -19, 20, 30, -48, -21, -18, -2, -62, -10, -21, -39,
-29, -27, 29, 15, -34, -31, -16, 10, -13, -9, -11, -21,
-50, 8, -31, -13, -1, -29, 25, -9, -13, -31, -37, -34,
-14, 5, -4, 19, 14, 20, -24, -27, 8, 17, -10, 1,
29, -39, 8, -29, 20, 24, 43, 27, 6, 23, -44, 14,
1, 25, 43, -22, -7, 15, 6, -6, 90, 55, 20, 20,
23, 37, -30, 52, -7, 44, 18, 24, 35, 51, 18, 17,
62, 36, 18, 22, 34, 21, 8, 43, 2, 13, 36, 34,
42, 82, 38, 40, 27, 29, 24, 17, 28, 7, 15, 10,
37, -9, 25, 53, 32, 49, 43, -9, -18, 64, 34, 9,
-47, 12, 0, 40, 8, -21, 24, -7, 16, 64, -3, 51,
32, 25, -12, 22, 44, 33, 23, -6, -33, 50, 22, 15,
-9, 19, -10, -18, 10, -26, 10, 38, 40, 15, 28, 1,
-52, 36, -24, 0, 45, 19, -44, 36, 19, -28, 10, 1,
43, -14, 11, -52, -31, 22, -2, 7, -13, -21, -48, 21,
-33, -12, 23, 0, -23, -20, 5, 8, 10, -17, 1, 25,
-10, 19, 1, -16, -25, 14, 56, -45, -18, 9, -5, 0,
22, -56, 58, 17, -39, -11, 21, 20, 12, 18, 18, -17,
-28, -5, 13, 21, 43, -49, 33, -10, -29, -8, 3, 5,
28, 41, -22, 24, 25, 17, -4, 44, 37, 9, 36, 1,
-12, 45, 38, -30, 8, 8, -13, 11, 30, 33, -8, 32,
26, 18, 38, 20, 41, 3, -6, 6, -15, 4, 12, 34,
-10, 34, 5, 28, -1, -6, -2, 30, 20, 17, -19, 18,
-19, 11, 36, -42, 3, -14, 3, 15, 3, -20, -31, 24,
28, 15, -22, -26, 6, -13, -9, 24, 4, -39, -8, -25,
20, 29, -4, 35, 13, 33, -1, 14, -11, 18, -1, 6,
-18, -6, 48, 28, 36, -28, 2, 17, -5, -32, 3, -17,
-16, 17, 16, 21, 10, -22, 52, -15, 21, 36, 11, -1,
25, -18, -31, -6, -10, 16, 24, 4, -3, 7, 40, 7,
-18, -25, -19, 0, -23, -12, 2, -29, 18, -36, 11, 14,
-14, -17, 45, -13, 7, -18, -5, -22, 2, -48, -9, 3,
-41, -5, 16, 17, 40, 19, -7, -45, -2, 9, -19, -27,
-24, -25, -28, -18, 5, 1, 15, 61, 20, 18, 31, 27,
23, 48, 4, 41, 0, -3, 18, 33, -2, -18, 15, 21,
26, 3, 35, 13, 23, 28, 5, 7, -15, 38, 10, 5,
21, 28, 7, 72, 21, 28, 41, 39, -3, -8, -2, 32,
-9, -15, 33, -8, 25, -14, 38, 46, 14, 6, 21, 15,
-49, 40, 19, -1, 58, 16, -14, 16, 40, -4, 29, 73,
17, 10, -5, -25, -57, 36, 25, 1, 3, 31, -31, 43,
12, -17, 16, 63, 43, -5, 22, 11, -51, 27, -33, -14,
25, 0, -46, -9, 23, -4, -8, 54, 20, 26, 10, 40,
-58, 31, 11, -19, 37, -26, -5, 12, 36, -60, 29, 71,
39, 28, 2, 15, -63, 72, -29, 5, 41, 5, -30, -8,
6, -26, 16, 44, 51, -5, -28, 31, -7, 17, -20, 55,
-5, 20, 17, -5, 17, 0, 12, 4, 80, 7, 22, -3,
-51, 45, 33, 65, 22, -12, 8, 12, 34, -40, 1, 5,
40, 4, -33, -32, -16, 29, 12, 21, 10, 40, -1, 6,
20, -32, 23, 5, 22, -36, 9, 26, -26, -18, -4, 25,
10, -1, -43, -32, 13, 12, -21, 3, 37, -4, -20, -6,
-36, -11, -20, -4, -33, -48, -13, -18, -59, 1, 10, -32,
0, 1, -14, 10, -78, 3, -2, 2, -42, -13, -3, -30,
-36, -7, 10, -35, -12, -46, 33, -9, -64, -21, 4, -24,
-3, -31, -29, -42, -3, -66, 14, 3, 16, -17, 27, -42,
-46, -35, -35, -28, -4, -53, -5, 7, 2, 4, -20, 5,
25, -14, 34, 17, 20, -24, -46, -12, -22, 8, 16, 9,
19, -24, 5, 50, 10, -29, 49, 11, 24, -14, -47, 2,
-3, -1, -43, 0, -12, -47, -26, 24, 79, 7, 28, -36,
-55, -1, -40, 9, -27, 6, -20, 15, 20, -50, 15, -14,
64, -3, 75, -12, -1, 0, -18, 25, -18, -10, -44, 4,
-14, -13, 23, 3, 20, -32, 31, -30, 23, -20, 19, 12,
-8, -8, 14, -19, -48, 52, 36, -17, 7, -54, 71, -9,
39, -32, 24, 21, 12, -12, 30, 24, -45, 57, 15, -6,
43, -10, 20, -43, 62, 22, 0, 39, 11, 1, 13, -6,
-27, 33, 19, -14, 43, 22, 12, 19, 57, -30, -24, 33,
-12, 14, 16, -20, 26, 20, 50, 23, 24, -8, -20, -12,
7, 3, -7, 16, 10, 45, 46, 25, 33, 8, 38, -2,
22, 15, -38, 25, 50, -5, -11, -3, 4, 8, 30, 10,
-11, 57, 37, 7, 62, -14, -23, -19, 62, 29, 5, 25,
-5, 6, 41, -32, 20, 13, -6, -5, 31, 1, -23, 23,
20, 7, -4, 10, 30, 11, 49, -16, 4, 36, -28, 30,
35, -18, 14, -31, 38, 1, -40, -4, -19, 22, -15, 24,
-3, -29, -1, 5, 32, 22, 36, 46, 10, 21, 27, 34,
25, -17, 13, 2, -15, -5, 35, 44, 94, 24, 10, -4,
-28, 28, 31, 29, 2, 57, -36, -17, 23, -17, -9, 22,
47, 36, 24, -3, 37, 5, -15, -15, 33, 41, -14, -12,
-21, -29, -9, -18, -21, -9, 4, 1, 10, -10, -13, 17,
-27, -15, -26, -16, 32, -1, 43, 8, 18, -12, -23, 12,
8, 20, -13, 17, -10, 28, 16, -2, -27, -22, 29, -3,
26, 0, 10, -23, -28, -7, 18, 12, 4, 53, -2, 21,
4, -13, -12, 26, 45, -9, 5, -17, -15, 6, -27, 34,
44, 42, -5, -11, -15, 15, -11, -8, 28, 25, 23, 18,
-41, -16, -3, -7, 38, 13, -25, 5, -5, -28, 45, 31,
55, 57, -13, 14, -27, 14, 33, 48, 14, 47, 7, 30,
-5, -27, 51, -6, 18, 23, 26, 9, 0, -14, 40, 5,
15, 9, 31, 25, -24, 22, 33, -15, -2, 0, 23, -1,
19, -20, 1, 41, 7, 54, -5, 18, -24, 9, 48, 7,
6, -27, 24, 44, -14, -7, 37, 14, -14, -27, -22, 32,
17, 55, -3, -32, -32, -24, 38, 36, 36, 1, -17, 2,
30, -14, 5, 36, 9, 33, 44, -18, -51, 33, 42, 39,
4, -30, 24, 23, -6, 22, 22, -7, 31, 43, -5, -9,
-3, 12, 24, 62, 18, 7, 52, -9, 17, 5, 50, 36,
28, 78, 11, 2, -17, 18, 31, -4, 43, 27, 41, 11,
14, -5, 33, 43, 30, 34, -7, -8, -8, 19, 53, -3,
14, -12, 3, 38, 19, 15, -12, -2, 31, 36, 18, 23,
9, 33, 46, 23, -2, -27, 10, 32, 19, 18, 6, -3,
-7, -3, 64, 21, -33, 33, 46, 4, 36, 34, 49, 6,
5, -1, 18, 42, 47, -1, -49, 10, 20, 27, -20, 20,
-31, 22, -4, -13, 25, 7, 15, 10, 3, 6, -20, 34,
51, 1, -13, 10, 27, 31, 36, 8, 33, -2, 18, 1,
-15, 32, 42, 4, 29, 3, 6, -12, 0, 31, 34, 8,
-15, 31, 35, -17, 28, 24, -4, 38, -44, 23, 36, 14,
8, 30, -15, -18, -4, 9, -14, -4, 10, 14, 37, 52,
4, -20, 30, 31, 21, 8, 54, -10, 43, -6, -4, 17,
5, 32, 55, 57, -36, -11, 59, 42, 27, 41, 17, 13,
13, -20, -24, 47, 24, 19, 19, 68, -23, -12, 63, 37,
32, 21, 1, 18, 13, 15, -1, -23, 53, -4, 48, 4,
-5, 60, 6, 26, -15, 72, 16, 25, 70, -4, -23, 51,
5, -3, 14, 11, 32, 28, 57, -52, -40, -18, 13, 13,
8, 13, 27, -14, -48, 0, 38, 4, -18, 12, 38, -33,
-1, -31, 25, 18, 12, 13, -8, 4, -14, 19, 52, 2,
-1, -3, 42, -41, 40, -48, 14, 10, 9, -22, -9, -31,
22, 68, 22, -9, -42, 13, 37, -22, 91, -24, -43, 24,
8, -41, 22, -15, 41, 45, 5, 3, 35, -1, 42, 15,
15, 59, -26, -38, -2, 20, -10, -12, 40, 12, -55, 51,
74, -10, 55, 6, 39, 69, -19, 22, -33, -33, -4, 30,
26, -19, 13, 43, 85, 55, 68, 1, -29, 79, -3, -4,
34, -13, 27, -10, 22, -26, 0, -12, -2, 5, 38, -23,
-43, 23, 7, 3, -23, -8, -22, -3, 35, 42, -9, 6,
64, -11, -3, -23, 8, 42, 22, -25, 11, 15, -11, -13,
19, 2, -33, 31, 10, 68, -43, -25, 9, 85, -33, -33,
38, 52, 48, 0, 32, -32, 3, -25, 61, -14, 3, -48,
26, 35, -3, -20, 27, 28, 23, 31, 34, -4, -7, 26,
34, 30, 27, -19, 13, 49, -30, -18, -17, 24, 25, 31,
7, 27, 33, 30, 14, 10, -1, 8, -30, 1, 35, 27,
-14, 8, 9, -5, -12, 11, 9, 31, -3, 5, -12, -20,
21, 5, -10, -13, -5, 42, -14, 32, 12, 30, -39, 23,
-20, 19, -12, 0, 19, 17, 5, 13, 16, -7, 5, -39,
4, 27, 9, 22, 13, -15, -39, -25, 14, -13, -10, 2,
-30, -14, 2, -12, 45, 23, -36, 2, 19, 4, 19, 21,
60, 1, -10, -12, -5, 46, -2, -6, 47, -10, -6, 25,
-12, -3, 38, -29, 11, 13, 49, 19, -9, 47, 36, 4,
-1, -11, -44, -5, -31, -31, 35, 0, 18, 48, -15, 13,
15, -6, -11, 9, 7, 10, 22, 0, -25, -1, 47, 32,
-20, 44, 0, 7, -4, -15, 18, 46, 23, 20, -2, 32,
-32, -7, 54, 20, -48, 2, -2, 31, -12, -1, -11, 5,
-2, 32, -15, -7, -29, -2, 14, 31, 15, 41, 26, 1,
35, -20, -20, 3, 10, -15, -7, 10, -13, -4, 14, 60,
-5, 17, 0, -14, -4, -18, 26, 30, -5, -11, 31, 16,
-4, -8, 37, 25, -41, 30, -2, 18, 16, -8, -25, 38,
5, 4, -14, 28, 9, 28, 22, 29, -22, 16, 26, 7,
21, -39, 25, -23, 29, 16, 17, 47, 43, 50, 8, 46,
-1, 82, -15, -31, 37, 7, 3, -34, 48, -13, -56, 47,
105, 22, 44, 34, -61, 127, 6, 3, 30, -35, -14, -1,
16, -22, -42, 58, 106, 16, 57, 4, -52, 71, 9, 31,
24, -22, -1, -27, 4, -64, -26, 9, 52, 1, 55, -12,
-26, 26, -29, -18, -4, -14, 1, 5, -8, -44, 13, -33,
24, 0, 47, -67, -21, -16, 21, 10, 12, -15, 28, -42,
-14, 22, 22, -37, -20, -7, 10, -30, 36, -21, 9, 13,
0, -16, -17, -7, -32, 64, 20, 14, -4, 6, -22, 16,
75, 11, -20, 40, 3, 20, 43, -5, -12, 20, -13, -1,
22, 5, 14, -18, -33, 5, -39, -18, -28, -47, -45, 10,
5, -47, -7, -2, 34, -8, 29, -6, -38, -43, -7, 2,
1, -38, -52, -34, -39, 20, 40, -12, 3, -34, -3, -45,
-29, -19, 0, -22, -35, 14, -3, -36, 2, -50, 14, 7,
18, -7, 26, 28, 6, -27, 21, 0, -11, -56, -37, -4,
11, -25, 32, 10, 46, -42, -1, -40, -8, -39, 11, 3,
-1, -41, -18, 14, -19, -34, -6, 20, 37, -40, 33, -7,
5, -46, 39, -11, -22, 9, -15, 3, -30, 37, 15, -20,
11, 6, 29, -25, -11, -48, 8, 38, -41, -30, 6, -13,
-13, 1, 3, -21, 15, -42, 13, -40, 14, -33, -44, -14,
-12, 8, -4, -35, 42, 21, -62, 40, 70, -6, 15, -8,
24, 24, -13, -18, 29, 19, -11, 12, 38, -61, -18, 43,
30, 31, 22, 10, -56, 83, 9, 1, 28, -2, -14, 2,
-11, -33, -6, -45, 45, 31, -5, -28, -51, -13, 7, 11,
22, 20, -12, 26, 0, -56, 43, -35, 12, -41, 25, -37,
-31, -50, 17, 47, -4, -6, -20, -15, -23, 26, 63, -33,
-19, -43, 16, -44, -1, -25, 11, 14, 12, -43, -19, -45,
-1, 48, 4, -17, -18, -22, -2, -6, 29, -1, 16, -13,
1, -26, 6, -5, 34, 17, -15, -5, 1, 31, 5, 46,
23, 2, 47, -16, 32, 28, 14, 5, 55, 15, -3, 28,
38, 70, -23, 68, 24, 79, -14, 3, 12, 36, 25, 26,
37, 54, -24, 56, -12, 31, -64, 64, 79, 20, -6, 0,
35, -17, -12, 34, 2, 60, -16, 40, 17, 3, 21, 34,
38, 66, -25, 2, 58, 12, -14, 21, 34, 49, -6, 2,
20, 10, 13, 3, 18, 65, 14, 17, 12, 26, 50, 18,
-24, -18, 11, 11, 6, 16, 16, 37, 26, 1, 7, 1,
3, 13, 19, 29, -34, 6, 10, -30, 20, 10, -10, -4,
1, 16, 27, 13, 4, 18, 30, -27, 3, 35, 25, -21,
-15, -29, 14, -10, 8, -56, 13, 2, 4, 11, 13, -4,
-21, 14, 39, -25, -47, -21, -8, 16, 39, -51, 0, 11,
-18, -20, -22, -19, -4, -25, 30, 36, -2, -25, 7, 20,
-10, -21, -13, -36, 9, -17, -7, -37, 36, 4, 1, 9,
45, 11, 47, -1, 43, 21, 38, 12, 7, 23, -9, 26,
22, 13, 3, 6, 47, 39, 9, -7, 26, -6, 6, 19,
35, -28, 16, 33, -13, 10, 32, 32, 40, 2, 42, -6,
31, 0, 46, 0, 24, 43, 27, -4, -26, 32, 19, 39,
36, 20, 26, 3, 54, 16, -1, 22, 16, 14, 9, 7,
30, 25, 21, 31, 34, -2, 40, 26, -27, 15, 26, -19,
-8, 45, 0, 15, 9, 26, 24, 42, 3, -19, 52, 7,
6, -15, -13, 33, 37, -8, -27, -8, 20, -11, 17, 19,
55, 1, 39, 20, 45, -32, -7, 19, 36, 9, 11, 33,
32, 18, 27, 5, 46, -9, 61, 14, 10, -4, -10, -3,
11, 29, 15, 6, 6, 41, 7, -12, -24, 26, -31, -20,
18, -17, -6, -32, 17, -17, 39, -5, -24, 27, -36, -18,
-41, 8, -30, 28, 10, -5, -2, -18, -18, 30, 20, 16,
30, 45, -28, -18, -2, 14, -9, 30, 48, 29, 0, -50,
23, -13, 26, -2, -1, -14, -44, 1, 23, -10, -40, -7,
51, 32, 10, -7, 36, 8, -4, 20, 7, -16, -38, 34,
35, 23, 2, 1, 1, 48, -1, -11, 1, 28, -17, 25,
40, -26, -29, 48, 0, -3, 24, 1, 5, 32, -16, -13,
-10, 10, 6, 22, -7, 14, -13, 7, -11, 32, 16, 17,
6, 14, 4, 7, -32, 27, 11, -23, -16, 12, -15, -12,
-19, 28, -23, -2, -24, 36, 17, 0, -2, 10, 7, 12,
3, 21, 9, 7, 11, 18, -44, 27, -22, -6, -31, -17,
8, 4, 15, 33, 45, -26, -27, 13, 33, -7, -37, -13,
-35, 67, 3, 22, 5, 2, -4, 0, 2, -29, 26, 56,
43, 6, -46, -21, 2, 41, 14, 15, -12, 23, 17, 18,
-8, -10, -24, 1, 21, 9, -33, 5, -7, 51, 39, -2,
36, 37, 26, 11, -27, -26, 13, -4, 42, 17, -23, -32,
-36, 26, 21, -16, 4, -7, 27, -30, -31, -24, -4, -11,
29, -22, -49, 2, -27, 34, -22, -3, 5, -18, 21, 3,
-14, -24, -10, 10, 30, 8, -7, -14, -35, 31, 9, -26,
25, 21, 3, -29, 17, 1, -12, 19, 38, 14, 4, 3,
10, -1, -36, 23, 24, 16, -5, 27, -35, 23, -10, -24,
17, -25, 15, -18, 1, -18, 17, 10, 1, -41, 2, -47,
-33, -32, -15, 22, 29, 14, -5, -32, -13, -28, 21, 20,
30, 12, -35, -21, 11, -31, 0, 18, 41, -34, -26, -25,
-52, -23, -16, -1, -49, -17, -8, -25, 11, -22, -18, 29,
38, 20, 20, -21, -18, -21, -5, 38, -8, -21, -52, -31,
-1, 9, 28, 10, 7, 4, 11, -2, -34, -32, -24, 28,
-65, -30, -41, -34, -35, 1, -10, 37, 15, -29, -35, 27,
-18, -12, 14, 20, -27, -11, 4, -24, -18, 9, 23, 7,
28, -11, 9, -41, 2, -27, -20, 6, -23, -34, -44, 13,
-27, -10, -11, 16, 8, -7, 0, 3, -64, 13, -1, -2,
-32, -24, -11, 2, 25, 25, -3, 1, 25, 67, -22, 47,
30, 37, 33, -12, -6, -5, -1, 51, 14, -13, -12, 41,
-18, 34, -5, 3, 29, -8, -14, 15, -1, 34, 35, 34,
24, -18, 10, -11, -3, 0, 3, 23, 26, 5, 20, -1,
3, 0, 40, 20, 24, 11, -13, 7, -30, 29, -34, 20,
-24, 12, 15, 21, -7, 47, 30, 26, 33, 33, -18, 7,
-20, 27, -1, 30, -13, 19, -11, 14, -7, 22, 14, 1,
35, 8, -37, -5, -14, 13, -25, -12, 4, -11, 0, -13,
24, -15, 15, 16, -20, 12, -7, -15, -39, 35, -24, -8,
-14, 34, 6, -23, 38, 52, -1, 50, -8, 32, 2, 3,
1, 18, -18, 0, -16, 29, -14, 14, 44, 44, 26, 26,
8, 21, -30, -10, 46, 29, 11, -11, 46, 11, 23, 10,
23, 0, 12, -12, 3, -9, -22, 3, 16, -8, 42, -1,
31, 22, -22, -14, -17, -29, 30, 9, 15, 2, -52, 7,
16, 25, 33, -37, -3, -23, -20, -3, -21, 29, -12, -6,
3, 10, 5, 8, 35, -25, -5, -9, -8, 4, -50, -26,
-2, 29, 9, -9, -4, 30, -36, 7, 13, 7, -10, -48,
-10, 15, -32, 10, -8, -30, -7, 6, -43, -13, -33, -46,
40, 20, -5, -21, 38, -6, -32, 24, 5, 3, 13, -26,
-49, 30, -38, -21, 4, -48, 27, -36, 23, 0, -25, 16,
3, 26, -18, -39, -62, 5, -28, -53, 6, -40, -7, -5,
19, -23, -52, 0, -56, -30, -22, -50, -31, 59, 24, -55,
-50, -47, 26, -34, 40, -38, -22, 4, -14, -17, 33, 20,
-22, 26, -20, -20, 21, -25, -19, 30, 26, -43, -34, -39,
-48, -13, 34, -30, -12, 29, -11, -35, -12, -7, 18, -16,
10, 1, -16, -12, 13, 9, 27, -30, -35, 7, -19, -8,
-41, -28, 10, -36, 35, -24, 5, -12, -45, -29, 15, -8,
1, 0, -21, -50, -10, 7, -2, -9, 42, -5, 24, -22,
-48, 0, 8, -21, -17, 26, -30, -1, -24, -50, 3, 5,
67, -24, -35, -20, -37, -20, 35, -23, -52, 23, -32, -24,
-4, -9, -3, -36, 52, 11, 9, 4, -3, -27, -1, -46,
-6, 9, -12, -51, -16, -28, 3, -39, 12, 3, -16, -27,
-55, 25, 4, -14, 26, 14, -24, -5, 17, -4, 22, -17,
60, -8, -34, -5, 5, 29, 21, 12, -10, 34, -11, -41,
-8, 2, -7, -6, 47, 20, 9, -10, 19, -2, 3, 13,
-16, 45, -19, -35, -35, -27, -1, 3, 56, -20, 11, 16,
-30, 24, -2, -16, -23, 21, -30, -32, -6, -9, -14, 9,
62, -21, 24, -1, -23, 15, -13, -38, 10, 30, -7, -5,
-4, -10, -29, 5, 71, 18, -17, -29, 12, 9, 21, 20,
-22, 45, -17, -39, 13, -21, -16, 28, 38, -2, 12, 0,
22, 20, -4, -22, 15, 23, -19, -4, 2, 20, -7, 13,
38, 20, -16, -25, 2, 27, 27, 8, 35, 5, -37, 26,
26, 32, 13, 33, 67, 12, 5, -23, -12, 12, -8, 28,
-32, -26, 9, 0, -6, -2, 24, -27, -24, -27, 27, 23,
28, 34, 22, -7, 14, -7, -13, 7, -6, 0, -1, 30,
20, 20, -25, -8, 21, 29, -10, 16, -28, 32, 4, 7,
-23, 32, -13, -3, -17, -28, 5, -14, 5, 17, 25, -5,
-11, 27, -21, -17, 3, 33, -46, 11, 18, -10, -17, 5,
8, 10, 21, 28, -5, 27, -49, 8, -10, -3, -40, 33,
38, 14, -22, -43, 37, 13, 35, 34, 11, 17, -63, 22,
5, 5, -50, 39, 15, 38, 8, -29, 51, 47, 28, 26,
15, 36, -37, 24, 12, 34, 9, 6, 8, 16, -3, -11,
27, 16, 6, 40, 20, 29, -24, 23, 23, 32, 21, -10,
4, 28, 7, 15, 15, 12, -4, 8, 26, -22, 27, 33,
0, 14, -11, -24, -4, 51, 0, -22, 25, -8, 9, 25,
26, 4, 1, -12, 42, 22, -19, 24, -6, 48, -4, -3,
24, -5, 19, 21, 38, -2, 6, 5, 9, 23, -27, -7,
-9, 29, 33, 3, 13, -3, -2, 34, -3, -9, -26, 29,
31, 23, -50, -14, -39, 6, 29, 28, 10, 5, 6, -24,
-10, -32, -25, 25, 20, 13, -31, -5, -3, -12, 31, 3,
2, -26, 13, -33, -17, 5, -29, -3, -18, -9, -43, 15,
-40, 58, -14, 11, 47, 4, 13, -21, -1, -26, -7, 23,
3, 33, -27, -26, -39, 43, 23, -10, 28, 18, -26, 28,
18, -18, -24, -11, -11, 2, -34, 12, -54, 26, -20, -28,
-7, 31, -31, 6, 35, -3, -26, 0, -7, 43, -41, 34,
15, 8, -4, 10, 34, 33, 37, 35, 43, 28, -6, -8,
-25, 34, -35, 33, 17, -9, 21, -12, 30, 40, -1, 25,
3, 3, -7, -23, 8, 48, -38, 1, 16, 27, 24, 11,
2, 5, 25, 14, 23, -23, -20, 18, -4, 21, -10, 11,
41, 5, 39, -24, 41, 32, 11, 43, 16, -18, -3, -22,
-37, 28, -25, 25, 7, -1, 22, -11, 27, 30, 42, 17,
-17, 64, -12, 3, -11, 0, -33, -18, 34, -20, 33, -32,
-8, 13, 27, 14, -7, 40, -8, -10, -18, 28, -49, 10,
44, 8, 1, -23, -2, 31, 20, 28, 14, 15, -4, 32,
-27, 44, -27, 18, 51, 6, -16, 3, 8, 11, 45, 35,
27, -7, -38, -4, 18, 13, 4, 27, -35, 22, -2, 19,
8, -33, 13, -21, 17, 22, -10, 24, 44, -9, -1, 9,
-27, 6, -15, -21, -27, -8, 4, -14, 20, 16, -18, -18,
26, -21, -51, 13, -38, 2, 0, -29, -30, -8, 9, 11,
45, -37, -33, 37, 45, 25, 6, -14, -6, 33, -19, 12,
26, -7, -28, -10, 46, -3, -28, 68, 45, 7, -31, -14,
-24, 52, 14, -20, -10, 15, 21, -2, 40, 5, 9, 31,
44, 48, -26, 0, -13, 64, 8, 7, -16, 50, -10, 49,
55, -22, -36, 30, 65, 6, -16, -4, -33, 14, 23, 22,
-9, 36, 22, -13, 6, -11, -15, 57, 34, 30, -53, -12,
-38, 61, 15, -38, 14, 29, 9, -2, 33, -28, 9, 14,
-12, -21, 46, 6, 4, 36, 10, -1, -4, -9, -20, 29,
-25, -26, -17, -27, -43, -39, 8, -35, 11, -4, -25, 35,
1, -22, -24, 11, -36, -4, 38, -29, -11, -38, 31, -17,
-13, -10, -8, -28, -49, -23, 23, -8, -19, -10, -25, 33,
22, -5, 16, -5, -14, 18, -33, -24, -12, -34, 18, -8,
6, -35, -38, 16, 38, 16, 0, 24, -5, 37, -38, 15,
19, -16, 25, 20, 26, -49, -19, 25, 72, -7, 1, 12,
-34, 43, -10, 4, -1, -9, -52, 28, -6, -6, 35, 18,
63, 41, 24, -31, -6, 27, -17, -21, 22, -1, -25, 23,
27, -28, 7, 24, -2, -24, 35, -9, -25, 12, 13, 37,
-3, -7, -7, 7, 29, -21, 10, 2, -14, -31, 64, -23,
14, -23, -27, 26, -3, 1, -29, -38, -17, -9, 5, -2,
-9, -23, 60, 4, -32, 14, -32, -8, -36, -48, -27, -11,
15, -25, 1, -14, 8, -31, 65, 0, 15, -15, -23, -18,
17, -20, -5, 13, -1, -26, 14, 11, 9, 8, 52, 5,
-8, 18, -11, -10, -32, -22, 10, -27, -12, -2, 1, -34,
-20, 20, 47, -7, 13, -17, 10, 8, -3, -31, 22, 7,
-15, -25, 9, -7, -13, -27, 96, -28, 6, -15, 13, 25,
-8, -9, -18, 16, -31, -10, 14, -10, -33, -7, 82, 12,
-19, -41, -2, -17, -25, -11, -19, 5, -9, -8, -2, 21,
-27, -4, 72, -11, -15, -27, 10, -4, 12, 9, -8, 13,
12, 5, 3, -23, -21, -31, 8, 27, 16, 3, 43, 33,
8, 25, 31, 42, 24, 47, 23, -26, -35, 48, -4, 17,
0, 10, -11, 16, 13, 10, 51, -6, 17, 29, -51, 11,
-2, 37, 10, -10, 42, 3, 5, 3, 2, -7, 40, 35,
-22, 34, -6, 35, 3, 29, 23, 22, -11, 39, 1, 26,
-13, 11, 48, 55, 31, -13, 2, 23, -21, -20, 1, 20,
7, 3, 38, 15, -2, 6, 17, -17, 8, 9, -23, -20,
-29, 25, -5, 3, -34, -25, -26, 36, -3, -12, -10, 40,
27, 32, -23, -12, 24, -38, -19, -39, -3, -24, -14, 7,
-42, -11, -2, -23, -43, -11, -41, -15, -30, -49, 35, -44,
-11, -45, -25, -11, -36, 9, -8, -11, 10, 15, 20, 19,
-10, -19, -2, 22, 28, 34, 16, 15, -1, -17, 28, 11,
45, -9, 14, 34, 9, 26, 55, -19, 27, -2, -21, 12,
14, 19, -20, 12, -4, 7, 21, 28, 22, -4, 61, -8,
34, 27, -13, 20, 23, 18, 2, -36, 7, -22, 1, 22,
-44, -26, 17, 19, -11, 5, -2, 35, 13, 7, -3, -17,
0, -3, 15, 9, -46, -12, 5, 0, -1, -37, -20, -18,
-17, 26, -50, -2, -43, -44, -17, -39, -2, -62, 15, -38,
-34, -27, -9, -11, -4, -41, 5, -10, -20, -1, 15, -48,
7, -34, 24, -28, -15, -21, -66, 6, -33, -59, -7, -58,
-27, 7, -22, -2, -47, -50, 65, -4, 16, -22, -44, 4,
-45, -48, -54, -6, -20, -4, -20, -5, -18, -3, -21, 20,
21, -27, -14, -20, 6, -4, 7, 3, 9, 2, -32, 10,
-1, 24, -44, 28, 18, 22, 8, -3, 22, 5, 28, -18,
-25, -5, 1, 18, 40, 23, -12, -2, -17, 45, 6, 29,
35, 31, 26, -16, 14, 20, -29, 34, 26, -3, -38, -13,
23, 26, -11, 22, 3, 33, 27, 15, 29, 12, -10, 3,
11, 10, -45, 7, 16, -10, 30, -8, -21, 36, 15, 27,
-14, -3, 1, 2, -11, 32, -36, 8, -14, -18, 10, 3,
19, -3, 17, -17, 27, 13, -10, -1, -19, 19, -51, 24,
-33, -11, 26, -6, 19, 38, 7, 6, 29, -1, 16, -17,
-24, 17, -49, 1, 2, 11, 26, 4, -8, 31, 32, 5,
-7, 16, 13, -27, -21, -10, 17, 20, 36, 19, -8, -17,
35, 7, -14, -13, 10, 19, -43, 13, 14, 28, 10, 14,
35, 31, 1, -29, 6, 8, -20, 4, 5, 10, -45, 11,
-6, -4, 32, -4, 30, 15, -42, -16, 12, -24, 25, 10,
38, 5, -57, 29, -17, 29, 51, 5, 22, 23, -47, -16,
9, -26, -18, -31, 2, 0, -54, -4, 0, 2, 66, -7,
2, -7, -6, -7, -24, 8, 7, 0, 19, -26, -10, -24,
-32, 20, 55, 15, 9, 15, 3, -7, 9, -10, 6, -9,
-6, 0, 7, -29, -27, 3, 23, -1, 3, -14, 41, 9,
13, -7, 25, 24, -7, -11, 15, -32, -46, -7, 6, 9,
16, -16, -8, 15, 22, -3, -23, 14, 14, -30, 24, 6,
-13, 3, -7, 32, -19, -11, -18, -9, 34, -7, -38, -7,
5, -20, 34, -7, -27, 29, -27, -18, -28, -30, 4, 22,
47, 6, 15, 6, -4, 10, 56, 7, 18, -6, -17, 28,
-26, 19, 30, -12, -8, 12, 7, 2, -8, 20, 12, 29,
15, 22, -6, 38, -37, -5, 6, -1, 44, -29, -14, 38,
8, -28, 51, 16, -1, 38, 7, 1, -36, -13, 65, 35,
11, 23, 15, 69, 7, -26, 31, -3, 32, 3, -9, -19,
-7, 12, 41, 29, 14, 28, -27, 2, -3, -31, 61, 28,
20, -7, 24, -2, 2, 27, 26, -6, 10, -14, 7, 4,
-24, 0, 47, 36, 8, 11, -11, 24, 4, -12, 21, 50,
10, -29, -3, -12, 28, -18, 35, 1, 45, 22, 17, -38,
-15, -7, -5, 2, 15, 27, -5, 14, -1, -20, 8, -16,
-22, 11, 16, 3, 33, 4, -30, -15, -38, -16, 2, -8,
-29, -14, 21, -29, -21, -22, 22, -53, 10, 11, 32, 2,
21, 9, 19, -23, -25, -30, 0, -16, 35, -30, -23, -33,
-5, -10, -29, 3, -17, 1, -38, -36, -28, -39, 15, -29,
-5, -41, 0, -40, -23, -6, -18, -21, -28, -25, 12, -6,
-29, -38, -13, 11, -10, -50, 1, -56, -15, 6, -7, -11,
-3, -48, -16, -15, -6, 5, 7, 34, 44, -26, -9, -20,
-34, 18, 21, -7, 22, 16, -27, -13, 6, -31, -21, 24,
20, 21, 3, -36, 2, -13, -12, 28, 4, -28, -7, -24,
-26, 41, -30, 4, 9, -14, -11, 17, 0, 31, 32, 22,
12, -7, 29, 50, -4, 4, 23, 10, 10, 10, -48, 14,
-1, -17, -25, -27, -37, -25, 37, -10, -29, 1, -47, 20,
-6, -37, -42, -24, 16, 14, -1, -26, -6, 16, 0, 5,
-7, -15, 5, -2, -15, -9, -16, 5, 18, 35, 1, 12,
1, -17, 31, 1, -2, -2, -38, -24, 28, 33, -39, -6,
24, 35, 30, -19, 22, 25, 10, 17, 34, -8, -5, 18,
10, 12, -48, 42, 26, 39, 16, 14, 52, -3, 39, 6,
-25, 41, -49, -15, -4, 8, -67, -10, 40, -14, -3, 21,
-31, 0, -2, 44, -17, 10, -47, -18, 29, 19, -49, 17,
11, 13, 10, 20, -15, 21, 29, -12, -14, 0, -1, 17,
17, -37, 22, -11, -37, 1, -28, -43, 8, -28, -23, 9,
-53, -39, 0, -20, 32, 6, 15, 0, -15, -5, -2, 1,
-10, 7, -32, -30, 5, -11, -13, 6, 26, 8, -7, -23,
-18, 7, -21, -17, -46, -30, 3, -49, 15, -39, 14, -35,
45, 26, -23, -39, -43, -26, 17, 14, -37, -40, -25, 14,
-45, -9, 0, 25, 20, 5, -9, -46, -12, 10, -1, 29,
12, 12, -1, -15, 20, 41, -19, -17, 0, -35, -11, 4,
-31, -10, -16, -6, -24, -16, 6, -19, -24, 14, 8, 8,
4, -17, -33, -11, 0, 6, -13, -42, -17, 4, -4, -4,
-17, 23, 2, 6, 25, -26, -31, 3, -20, 26, -23, -27,
-31, 17, -23, 10, 23, 38, -22, 10, -26, 6, -25, -23,
23, 31, -12, -32, 5, 29, -7, 0, 6, -1, -33, 41,
2, 41, 16, 34, 19, 21, 3, 7, 30, 7, 11, 5,
-9, -20, -25, -12, -2, 20, -25, 28, 34, -15, 10, 12,
-5, -3, 27, 2, 36, 14, -16, 8, -32, 39, 1, 26,
3, 8, 38, -7, 19, 1, 31, -12, 1, 28, 13, -12,
-13, 10, -31, 43, 18, -11, 26, -22, 18, 30, 32, 42,
-5, 39, -32, 17, -7, 5, -11, 25, 42, 8, 21, -17,
-4, 23, 20, 37, 21, 10, 10, 24, 11, -5, -6, 23,
11, -5, 16, -23, -12, 11, 45, 29, 0, 2, -26, 14,
12, 33, -1, 35, 26, -5, -3, -21, 6, 32, 13, 22,
18, 8, 36, -6, -39, 13, 24, 24, 45, -56, 49, 27,
38, 12, 21, 45, 8, -13, 23, -30, -63, -3, 14, -19,
16, -4, 19, -31, -16, 9, 18, 16, 27, -30, -19, 31,
-57, 10, -2, 10, 22, 2, -15, -7, -10, 13, -34, 30,
23, -12, 15, 4, -23, 13, 12, 23, -25, -9, 18, -8,
34, -8, -14, 39, 13, -9, 23, 17, -20, 2, 12, -18,
12, -14, 18, 24, 48, -27, 19, -5, -16, -35, 29, -15,
-29, 25, 8, 22, -13, 14, -1, 23, 34, -6, -2, -7,
-29, -21, 20, 13, -44, -15, 14, 2, -21, -37, 20, -9,
-16, 22, -20, -11, 9, 11, 2, -30, -59, -30, 18, 31,
3, -38, -9, -4, 32, -35, -30, 9, -18, 20, 30, -1,
14, -38, 11, -16, 23, 32, -8, 3, 19, -38, -13, -20,
3, 19, -40, 19, 24, 47, -22, -2, 37, -20, -9, 4,
17, 31, -2, -25, -13, -9, -29, 12, 53, 32, 12, 8,
31, 5, 26, -46, -12, -20, -2, -2, 7, 15, 15, 31,
-4, 7, 33, 28, 7, 9, 20, 1, -33, -15, 17, 13,
25, -6, -3, 8, 20, 33, 71, -28, -3, -12, 7, -8,
-17, -5, -15, 8, 13, -14, -15, 61, 4, 22, 41, 12,
-5, -1, -33, 20, 22, -6, -7, -29, -29, 18, 83, 27,
-12, 34, 16, 23, -38, -43, 4, 60, 49, 9, -27, 14,
1, 11, -4, -21, 20, -22, 33, -41, -1, -7, 38, 35,
21, -6, -11, 27, 37, 17, -32, 33, 57, 45, -47, 44,
21, 38, 26, -5, -1, 21, 12, -1, 3, 5, -1, -2,
16, 0, -38, -15, 9, 38, 31, 31, 22, 18, 20, 8,
-14, -14, -2, 15, 9, 29, -5, -12, 27, 5, -13, 29,
28, 8, -1, 9, -18, 1, 0, 1, -23, 1, -18, -15,
35, -40, 28, 18, -24, 28, 20, -1, -26, 46, -5, -15,
-35, -30, -33, 11, 25, -20, 1, 37, -15, -9, 38, 22,
16, 36, -24, 1, 4, -8, -15, 23, 17, -21, 30, 4,
-8, -2, 1, 42, -7, 38, -2, 3, 12, 15, -34, 38,
43, -11, -19, -18, -21, 7, -17, 27, -6, 9, -4, 13,
16, -22, 2, 9, -15, 35, 24, -14, 3, 15, 1, 7,
13, 22, -26, 16, 6, 48, -18, 59, 37, 33, 19, 26,
26, 56, 24, 41, -9, 51, 19, 12, 20, 22, -34, 7,
35, -18, 14, -25, -7, 50, 42, 55, 12, 0, 28, -36,
-6, -26, -47, 7, 59, 18, -3, -13, -5, -4, 4, 8,
27, -21, -25, -26, -32, -6, -20, 42, -7, 1, 29, -19,
-7, 3, 9, 21, -23, -2, -19, -20, -34, 3, -27, 6,
-13, -19, -4, 7, -9, 36, 42, 24, -19, -4, 43, -5,
-28, -10, -29, 20, 0, -20, 46, 45, 4, 34, 8, -2,
-43, 16, 39, -57, -42, 9, -3, -17, 37, -46, 49, -6,
30, 32, 40, 30, -42, -7, 14, -39, -13, -26, -7, -5,
56, -46, -8, -12, 8, 33, 2, -4, 27, -27, -7, -2,
2, 36, -15, -3, 5, 72, -27, 6, 12, 24, -4, -5,
34, -33, -23, 33, 44, 20, -3, -6, 1, 38, -24, -13,
-2, 1, 24, 40, 37, -4, -22, 25, -6, -20, -4, -16,
-18, 46, -6, 7, 8, 27, 3, 22, -27, -13, -3, -31,
-12, 24, 37, -4, -1, -7, 28, -22, -32, -9, -8, 30,
9, 28, 23, -22, 15, 26, -26, 19, -7, -14, 5, 29,
-9, 24, 28, -19, 25, 38, -14, -16, -10, 43, -13, 15,
-11, -7, -4, -27, -7, 30, -17, -18, -1, 21, 10, 47,
3, 6, 5, 14, -13, 35, 19, -8, 33, -13, -15, 0,
16, 6, 17, 28, 43, 19, 4, -8, -15, 47, 27, 19,
-19, -19, -29, -18, -12, -7, 19, -27, -49, -24, -43, 21,
17, -41, 2, -3, -19, 12, 7, -18, -15, 0, 4, -15,
-33, -49, -34, 0, 53, -70, 4, 6, -39, 1, -17, 16,
6, 54, -12, -12, -2, -29, -47, 22, 60, -17, 21, -26,
6, 10, 29, 8, -8, 56, -14, -3, -1, 9, -27, 0,
53, -11, -7, -34, -12, -10, 27, 17, 11, 31, -33, 9,
29, 26, -36, 9, 7, -3, -16, -16, 6, 20, 14, -23,
-7, -11, 3, 15, 18, 25, -32, 3, 1, 39, -9, -19,
-7, 35, 25, -1, -14, 31, 16, -7, 9, 13, -15, 10,
-12, 13, 11, 1, -9, 32, 6, 34, -29, 48, 37, 0,
-25, 26, -47, -8, 21, -56, 8, 38, 7, 27, 28, 19,
15, 23, 26, 3, 16, -36, -7, -30, -21, -19, -17, 1,
10, 29, -32, -37, 19, 10, 13, -36, 6, 20, -6, 22,
39, -34, -11, 40, 15, 18, -18, -32, -28, -7, 29, -9,
10, 9, 34, -14, -40, -1, -7, 10, 20, 3, 0, -13,
-44, 17, 23, 21, -11, -44, 31, 21, -7, -26, 22, 9,
-27, 20, 21, -1, -29, -26, -16, 46, 16, 16, 58, 24,
-52, 0, 2, 26, 7, -29, -41, -16, 3, -53, -11, 29,
-11, 0, 37, -62, -6, 8, 31, -26, 13, 6, -5, -22,
-10, -4, 22, 7, 35, -47, 11, -6, -15, -35, -2, -34,
-19, 17, -6, -9, -43, -12, 22, -2, 2, 8, 36, -2,
-2, -24, -43, -12, -8, -41, -48, -34, -11, 17, -21, -21,
-17, -27, -23, -4, 53, 9, -27, -22, -32, -14, 25, -8,
-6, 60, -35, -15, 8, -13, -54, -20, 26, 12, -20, -28,
-13, 15, -11, -14, 37, 13, 4, 39, 12, 30, -37, 18,
-12, 45, -7, -28, 6, 24, 16, 8, 25, 20, -15, 24,
59, -1, -38, 33, -35, 66, -14, -11, 33, 35, 20, 24,
-18, 19, 17, -12, 29, 45, 6, -4, -4, 7, -17, 26,
17, 31, -7, 17, -4, -8, 15, -2, -26, 8, -43, -1,
24, -35, 7, -24, 19, -10, -13, 20, 25, 9, 8, -17,
9, -11, -51, -19, -11, 10, 4, -15, -6, -17, 32, -10,
32, 19, 18, 45, -6, 14, -62, 39, 37, 25, 31, 18,
46, 16, 37, 28, 26, 18, -16, 1, 19, 7, -21, -13,
3, 26, -5, 13, 18, 10, 8, 18, -10, 17, -9, -2,
-20, 4, -30, 14, 25, -20, 4, 25, 16, 15, -11, -14,
-10, 25, -2, 2, -41, -24, -31, 19, 31, -42, -6, 20,
2, 28, 10, -3, -29, 18, 21, 11, -66, -9, -52, -1,
13, -17, -26, 5, 1, 8, 40, -2, 26, 42, -39, -20,
-46, 21, -77, 27, 38, -16, -7, -21, -22, -18, 28, -22,
21, 42, -5, 43, -11, 27, -57, 35, 47, 5, -12, -18,
15, 16, -13, -5, 36, 11, -21, 5, 18, 18, -35, 17,
-6, 17, -12, -32, 6, -12, 34, 20, 28, 1, 5, 24,
51, 41, -31, -24, -12, 45, 19, -3, 6, 34, -13, 4,
-52, -55, 19, 0, 34, -10, 34, -53, -37, -2, -25, -9,
-37, -33, -4, -43, -37, -35, 39, -9, -13, -43, -5, -26,
-37, -8, 1, 29, 29, -30, -35, -14, -42, -45, 30, -26,
-24, -20, 15, 6, -42, -39, -6, 26, 8, -50, -13, -39,
-29, -39, 41, 1, -4, 5, 33, 32, 7, -56, -6, 30,
22, -30, -25, 15, -28, -45, 9, -1, -15, -6, 7, 15,
-59, -53, 58, 39, -12, -2, -11, 16, -16, 10, 25, -5,
36, -28, -3, 20, -37, -5, 21, 35, -7, -30, -29, -8,
9, -1, 18, -2, 34, -1, -15, 22, -41, -44, 12, 45,
-2, -51, -29, 24, 3, -41, 68, -28, 26, -30, 23, -12,
-65, -2, 5, 49, 31, -40, -64, -25, -5, -21, 71, 27,
54, -32, 49, -8, -18, 1, 34, 16, -11, 30, -38, 3,
-5, 10, 63, 25, 42, -28, -2, 18, -8, 27, -25, 4,
44, -8, -27, 31, 18, 35, 57, 65, 39, -7, 13, 20,
21, 12, 49, 7, 15, -10, 1, -8, -9, 21, 2, 27,
61, 36, 14, -1, -14, 20, 13, 45, 47, 8, 12, 32,
10, -12, 56, 26, 65, 54, -22, 40, -4, 32, 34, 46,
54, 26, 24, 33, -40, -15, 26, 27, 67, 11, -35, -9,
-2, 5, 59, 1, 27, 45, 57, 10, -5, 59, -12, -5,
63, -41, 14, -41, 17, 22, 20, -5, -38, -24, 27, -29,
9, -13, 37, 28, 31, -6, 12, -5, 72, 3, 43, -4,
14, 1, 17, 11, -3, -30, 18, 13, -21, -21, 74, 20,
-30, 52, -22, -7, -21, -4, -3, 16, -20, -43, 35, -22,
2, -13, 50, 31, 6, 12, 28, -21, 27, 34, -23, 42,
2, 25, 14, -8, -30, -34, 14, -6, 11, -41, 22, 9,
-7, -24, -6, 35, 4, 5, 5, -27, -14, -18, 63, 6,
4, -31, 44, 30, -42, -18, -1, -12, 11, 20, 43, -12,
-9, -28, 42, 27, 58, -42, 40, -3, -33, 21, 3, -39,
6, 55, 17, 8, -15, 6, 48, 2, 64, -4, -21, 7,
35, -24, 36, -23, 8, 18, -26, 1, 31, -2, 53, -5,
-20, 14, -18, -22, -4, 7, -16, -2, 23, -43, 2, 36,
43, 54, 22, 43, -27, 45, -23, -16, 0, 18, 2, 27,
15, -3, 28, 41, 23, 17, 10, -8, 37, 15, 51, 47,
54, 49, 4, 61, 18, 15, -8, -43, 27, 18, -2, -21,
7, 0, 34, 31, -17, 44, -17, 3, -36, 12, 0, -35,
-16, -16, -8, 13, 60, 7, -36, 32, 5, -23, 8, -4,
16, -15, -18, -4, 21, -37, 30, 34, -4, -12, 8, 4,
11, -3, -37, -19, 25, -2, -45, 10, 18, 3, 33, 35,
-47, 7, -63, -5, -10, -14, -41, 0, -5, 0, -67, -16,
4, 13, 43, -29, -40, -12, -39, -9, -9, -33, -1, 0,
-19, -60, -37, -48, -29, -7, 40, -23, -32, -16, -11, -22,
-28, 1, 17, -15, -67, -7, 7, -22, -10, -16, 13, -29,
31, -47, 6, -35, -19, -2, 3, -38, 7, 19, -30, -4,
-18, 9, -10, 0, 4, -16, -9, 12, -28, 3, 3, 27,
29, 6, 29, 46, 3, 19, -20, 55, -15, 54, 15, 10,
18, -1, 48, 40, 0, 18, 26, 19, 52, 17, 25, -10,
26, 9, 25, 17, 15, 28, 36, 35, -12, 42, -14, 12,
30, 0, -22, 22, 13, 17, -9, 21, 14, 12, -39, -15,
22, 6, 9, -8, 28, 35, 20, 3, 9, -9, 29, 51,
-6, 4, 10, 12, 14, 17, 17, -12, -32, -11, 33, 25,
26, -14, 37, 14, -36, 2, -16, -12, 5, 7, 23, -10,
6, 35, -8, -25, -8, -6, 15, 21, 23, -9, 14, 4,
22, 16, 48, 13, -18, 8, 39, 36, 22, -19, 44, -3,
20, 23, 27, 29, 6, -23, 0, 20, 50, 32, -31, -29,
31, 39, -3, 18, 3, 8, 2, 16, -15, 45, 8, -46,
12, -40, 14, 10, 64, -3, -4, 7, -4, 36, 28, -17,
-19, 7, -10, 15, 17, -1, -32, -5, 58, 5, -18, -5,
-9, -2, 39, -10, -38, 50, 36, -44, -12, 4, -13, 15,
19, 9, 3, -17, -1, 21, 37, -26, 0, 24, -18, 13,
42, -10, -36, 49, 0, 14, -9, 2, 3, -15, -22, -18,
7, -7, 6, -9, 67, 15, -34, 23, 12, 33, 31, 22,
-14, 37, 22, 17, -26, 49, -7, 34, 32, 28, -47, 36,
6, 13, 0, -15, 21, 12, -8, -11, 23, 3, 3, 18,
57, 21, -31, 66, 28, 14, 14, 14, 30, 45, 19, 46,
39, 9, 36, 30, -7, -7, 5, -10, 17, -15, 32, 28,
6, -2, 24, -19, 34, -27, 32, 10, 27, 54, 18, 20,
-23, 19, 17, 40, 36, 53, 3, 16, 78, 33, 33, 34,
10, 14, 57, 23, -10, 45, 21, 12, 26, 16, 51, -2,
43, -6, 52, 50, 64, 33, 1, 35, -28, 16, 22, 19,
37, 1, 3, 40, 25, 0, 6, 49, 19, 78, 23, 25,
2, 63, 22, 27, 19, 18, 43, 17, 59, 29, 32, 13,
48, 35, 48, -14, 37, 27, 8, 0, -11, 14, 9, 43,
20, 9, 53, 8, 14, 17, -18, 64, 16, 23, 17, 27,
16, -9, 28, 5, 25, 21, 14, 27, 2, 0, 37, -11,
13, 18, 16, 42, -24, 1, -1, 44, 60, 8, 47, 37,
50, 45, 51, 38, 14, 17, 51, 14, 46, 35, -6, 48,
42, 8, 69, 41, 15, 52, 32, 20, 49, 7, 52, 55,
24, 58, 32, 39, 25, -4, 31, 59, 43, -27, 76, 34,
28, 38, -2, -18, 18, -2, 38, -19, -6, 14, 5, 9,
31, -24, 10, 13, -14, 0, 17, 31, 39, 22, -5, -14,
52, -25, 10, 30, 68, 51, 59, 16, -18, 17, 57, 57,
3, 17, 0, 11, 29, 38, 48, 38, 20, 7, 26, 41,
24, 48, 28, 25, 20, 16, 35, 22, 23, -13, 21, 4,
41, 39, 74, 23, 57, -2, 18, 54, 29, 42, 14, 50,
21, 38, 39, -18, 41, 21, 28, 51, 40, -22, 17, 34,
29, -11, -8, 14, 29, -14, 55, 40, -3, 21, 23, -22,
21, 13, 33, 64, 18, 29, -5, 53, -15, 38, 0, -21,
33, 13, -1, -28, -1, 16, 36, -8, -6, 41, -6, 9,
-4, 27, 40, 4, 12, -31, 1, 18, -2, 4, 8, -4,
-5, 9, 19, 32, -7, -1, 30, 66, 56, 11, 13, 11,
-53, -10, 0, 21, -30, -12, 0, 10, 38, -43, 18, 77,
86, 20, 11, -24, -37, 36, -12, 33, -1, -17, -4, -28,
22, 0, 15, 13, 110, 56, 19, -14, 1, 18, 22, 35,
38, -21, -10, -28, 41, -43, 24, 46, 36, 32, 19, 21,
-5, -22, 19, 38, 11, -36, 6, 5, -28, 0, 43, 37,
20, -23, -10, 8, -51, -35, 29, 4, -18, -20, -19, 0,
-33, -9, 24, 31, 34, -5, 68, 16, -24, 7, 43, -1,
28, -10, 28, 36, 31, 16, -13, 14, 6, 35, -9, 15,
-30, 0, 34, -3, -13, 17, 49, 35, 12, 39, 26, 30,
30, 10, 7, -18, -6, 15, 4, 44, 15, 50, 42, 14,
42, 5, 15, 22, 34, -15, 44, 41, 27, -15, 33, -18,
-4, 3, -16, 33, 22, -41, -9, -16, 4, -21, 16, -26,
-7, -13, -28, -55, -42, 7, 9, -36, -24, 2, 6, -8,
27, -19, 11, -40, -10, 12, -3, 37, -8, 34, 26, -10,
-7, -2, 37, 28, 15, 46, 25, 58, -65, 50, 23, 24,
20, 47, 12, 8, 40, 20, 65, -4, 42, -1, 20, -13,
2, -18, 16, 77, -3, 45, -21, 25, -16, -2, -4, 21,
20, 0, -3, -27, 29, -10, 1, 18, -10, 4, -7, -5,
-28, -14, -7, -7, 33, -3, 45, -13, -5, 22, -18, 8,
-65, -12, -6, -40, -55, -19, -26, -17, 16, -28, 35, -39,
8, -35, -35, -30, -33, -35, -26, 0, -51, 17, -25, -36,
8, -9, -7, 3, -6, 32, -1, -45, -14, -9, -22, 6,
-28, 12, 10, 5, 2, 15, 29, -16, -2, 30, 17, -32,
-31, -27, -21, 24, -12, 0, 9, -1, 41, -11, 43, 25,
-40, 17, -25, -30, 27, 21, -6, -18, -21, -39, 0, -28,
29, -14, 24, 9, 18, 16, -10, 8, -23, -5, -15, -1,
-30, -49, -36, 31, 72, -13, 16, -14, -37, -11, -29, -19,
-6, 9, 3, 14, 37, -6, -30, 49, 8, 44, 35, 36,
33, 7, 0, 26, 32, 26, 29, 0, 16, -18, -4, 53,
46, 36, 38, 31, 33, 71, 22, 29, 42, 53, 18, 17,
59, 16, -1, 37, 19, 64, 23, -8, -38, 23, 8, 8,
14, 34, 34, 50, 46, 38, 3, -4, 7, 49, 38, 12,
-24, 1, 56, 44, 33, 59, 42, 26, 6, 26, 53, 29,
31, 4, 53, -10, 24, 3, 6, 31, 44, -1, 3, -14,
51, 53, 13, 24, 11, 16, 64, 38, -11, -2, 42, -8,
18, 13, 7, 1, 37, 0, 11, 5, 13, 43, -7, 45,
8, 4, -32, 28, 35, 22, 32, 26, 48, 44, -6, 0,
5, 40, 23, -6, 4, 30, -20, 34, 36, 45, 14, 2,
42, -45, -5, 23, 12, 43, 33, -12, -9, 52, -15, 23,
-11, 5, 3, 12, 12, -13, 50, 1, 45, -12, 0, 9,
-24, 13, -5, -11, 24, 3, -1, 0, 39, -28, -1, 2,
-38, -30, 25, 27, 30, -10, -7, 18, -3, -13, -16, -13,
11, 38, 62, -9, -1, -18, 33, 29, 71, 15, 11, 31,
-4, -14, -4, 4, 25, 36, 10, 33, -10, 13, 22, 25,
23, -10, -17, 16, 2, -17, 14, -11, 41, -4, 0, 29,
-2, 34, -11, -13, 43, 54, 9, -5, 28, -26, 13, 16,
45, 20, -48, 65, 48, 5, 27, -12, 31, 74, -38, -17,
11, -12, -23, 37, 50, -47, -22, 5, 38, 38, 10, -28,
-42, 80, 15, 25, 32, -17, -17, 10, 29, -19, 26, 23,
35, -14, -2, -38, 19, 25, 20, 12, -14, -27, -31, 4,
-27, -17, 62, 15, 29, -15, -18, 8, 1, 18, 31, 19,
-24, 22, 17, 13, 0, 50, 40, 26, 72, 54, -9, 15,
27, 15, -23, -5, 0, 4, 21, 1, 3, 16, 73, 32,
72, 27, -44, 53, 11, 23, 34, -4, 30, -35, 47, 16,
20, -9, 39, 29, 22, 57, -63, 31, 31, 17, 0, 22,
24, 14, 61, 40, 16, 12, 6, 29, 60, 34, -34, 35,
-13, 49, 67, 25, 50, 56, 0, 29, -33, -12, 35, 9,
23, 17, -35, -3, -41, 8, -7, 25, 28, 25, 38, -8,
0, 3, 5, 35, 48, 16, -28, 28, 26, -32, 10, 27,
16, 3, 30, -16, -5, 48, 9, 15, -45, -43, 13, -29,
52, 13, -2, -42, -16, 2, 11, -37, -43, 22, 14, -5,
17, 18, 13, -4, 18, -1, -43, 3, -3, -13, -31, -25,
21, 52, 35, 2, 30, -8, -35, -8, 91, -49, -16, 21,
-27, 20, -8, -38, -26, 67, 4, 1, -26, -38, 4, 21,
57, 2, 6, -35, 10, 0, -18, 10, 14, 69, -32, -32,
-19, -34, 19, -29, 61, 2, 4, 2, -20, -15, 35, 5,
8, 43, -27, -4, 43, -33, -30, -8, 28, 10, -8, -65,
-19, -3, 44, 23, 35, 16, -9, 11, 17, -33, 31, 20,
38, 30, 53, 19, 10, -3, 51, 17, 28, 12, 5, 39,
11, 36, 22, 11, 69, 45, 2, 8, -3, 38, 18, 22,
17, 20, 0, 54, -17, 0, -4, 18, 30, 67, 46, -6,
51, 28, 38, 11, 71, 67, 38, 8, 30, 48, -52, 64,
33, 11, 42, 22, 13, 29, 112, 19, 64, 24, 5, 50,
-28, 13, -20, 39, 29, 38, 29, -28, 35, 48, 55, 61,
49, 37, -8, 52, -38, -8, 14, 23, 31, 66, 5, 0,
12, 15, 34, 65, 78, 66, -12, 3, -13, 17, 21, 65,
-2, 39, 47, -15, 32, 15, 53, 68, 28, -11, 1, 29,
-25, 29, 22, 46, 14, 24, 19, 25, -9, 39, 33, 19,
-16, 21, 3, 11, -26, 36, -39, 10, 52, 52, 4, 40,
32, 15, 58, 17, 5, 13, -41, 11, -40, 29, -18, -32,
59, -5, -10, -39, -20, 0, 30, 22, 19, 21, 30, 56,
27, 49, -23, -13, -33, 9, -8, 36, 45, 12, 10, 17,
42, -16, 14, -3, 2, 1, 18, 39, 11, 33, -17, -15,
18, 53, 43, 8, -29, 9, -25, -28, 41, 16, -10, -21,
-32, -9, -8, 35, -13, 11, 21, -2, -19, -32, -6, -4,
9, -22, -34, -1, -42, -38, 0, 21, -2, -7, -24, -31,
6, 35, 52, 3, 26, 11, -1, -29, 32, -18, -3, 0,
35, 21, 33, 10, -1, 65, 19, 4, -43, -16, -49, -22,
39, -28, 11, 34, -20, 16, 57, 43, -26, 58, 20, -13,
-6, -19, -49, -24, 28, -5, -25, 21, 18, 22, 22, -6,
29, 12, -13, 43, 47, 2, -2, 32, -13, -12, 11, -38,
30, -6, 28, 4, 42, 64, 30, 3, 2, 35, 58, 39,
29, 33, 43, 36, 50, 27, 48, 53, 25, 51, -9, 34,
-12, 57, 44, 49, 91, 31, 19, 45, -3, 4, 66, 41,
48, 46, 45, 17, 0, 3, 25, 49, 22, 18, 67, 17,
43, 8, 33, 66, 57, 28, 6, 15, 41, 66, 63, 39,
7, 18, 46, 10, -7, 26, 53, 40, 37, 63, 18, 39,
11, -2, 75, 15, 21, 36, 31, 26, 9, 24, 34, 13,
59, 79, 26, 7, -16, 21, 28, 61, 26, 14, 25, 32,
-14, -2, 68, 22, 42, 77, 35, -7, -12, 51, 15, 40,
30, 68, 26, 41, 59, 15, 82, 23, 20, 96, 42, 14,
-12, 3, 34, 33, 89, 48, 18, 5, 16, 34, 75, 42,
-38, 11, -18, -12, 56, 25, 16, 22, -31, -22, 10, -20,
33, -7, -23, 15, 1, 21, 17, -17, 68, 41, -2, 29,
19, 35, -26, -34, 3, 26, 4, 28, 30, 27, 20, 57,
24, 35, 16, -9, 29, 13, 18, -26, 44, 1, -3, -19,
-8, -19, 9, 56, 60, 30, -9, 52, 4, 73, 42, -36,
25, 28, 8, 51, 44, 41, 15, 7, 46, 7, -22, -21,
3, 11, -1, 27, -13, 50, 10, -11, 19, 30, -15, 47,
31, 28, -16, 6, 29, 50, 6, -29, 5, -21, 3, 33,
0, 4, 25, 10, 41, -3, -17, 2, -31, 74, 17, 3,
11, -24, 10, 47, 18, -9, -25, 44, 59, 11, 4, -8,
-25, 32, -2, -23, 35, 15, 28, -13, 3, 7, 36, 60,
46, 16, 9, -13, -33, 29, 33, 25, 17, 34, 3, 33,
11, 3, 56, 10, 61, -12, -41, 48, 4, 2, -3, 16,
31, 29, -15, 7, -35, 23, -2, 27, 61, -4, -44, -6,
30, -24, 9, 35, 22, -2, 19, 29, -13, -22, 0, -2,
94, -17, -39, 12, -4, 26, -19, 12, -9, 8, 18, -24,
22, -33, 36, -22, 74, -13, -21, -12, -44, 25, -15, 22,
13, 18, -10, 19, 17, 0, -28, 25, 83, -24, 4, -34,
-35, 5, 19, 10, -6, 23, 21, 27, 15, 0, 39, -40,
59, -10, -20, 2, 1, -10, -1, -2, -48, -15, 13, 9,
-14, 3, 21, -36, 19, -55, 15, 3, -55, -20, -29, 24,
-40, -26, -4, -15, -28, 3, 3, 23, 24, -26, 32, -2,
-4, 5, -14, 12, -4, 26, 24, -47, -1, -3, -45, -9,
41, -41, -1, 10, 36, 8, -33, -50, 18, -47, -37, -12,
-17, 19, 12, -21, 16, 19, 33, -33, 0, -4, -36, 0,
4, -1, -65, -8, -29, 12, -26, -9, 29, -23, -17, 21,
6, 14, -2, 31, -34, -43, 0, 9, -28, -11, 49, -2,
16, 14, 23, -32, -18, -5, -19, 28, 3, -46, -11, -3,
-41, 56, 41, -9, -8, -8, 36, -47, -4, -27, -40, 7,
15, 22, 33, 1, -55, 57, 42, -3, 15, -15, 58, 0,
9, -48, -14, 13, -55, 20, 27, -3, -72, -5, -23, 7,
30, 4, -3, -8, 27, 21, -3, -48, 1, -43, 19, 0,
-18, 9, 13, 35, 27, 46, 7, 12, 6, 23, -10, -12,
18, 41, 54, 3, 43, 32, 12, -10, -20, -25, 22, -19,
56, 21, -12, -15, -2, 56, 42, 11, 0, 47, 5, -10,
4, -13, 38, 40, 24, 18, -1, -7, -12, -27, 4, 26,
18, 27, 17, 42, 43, 42, 3, 4, 39, 16, 2, -8,
33, 28, 57, 41, 0, -3, -22, 6, 56, 13, 13, 25,
-33, 41, 41, -1, -11, 68, 2, 31, -9, -27, -17, 14,
46, 48, -4, 31, -22, 76, -4, 4, -6, 7, 30, -9,
6, -10, 27, -3, 45, -17, 21, -43, -37, 25, 41, 5,
26, 42, 1, 67, -44, -26, 23, 8, 49, -23, 24, -3,
25, 13, -25, -22, 2, -14, 37, -29, -10, 28, 63, 20,
75, 8, 44, 10, 15, 18, 13, 51, -11, 45, -26, -10,
42, -6, 55, 35, 49, -3, 27, 41, 42, 49, 22, 1,
43, 24, -18, -10, -46, -7, 31, 24, 71, -20, 58, 5,
-19, 4, 7, -10, 17, 21, -15, 24, 8, 19, 38, 64,
36, -27, 11, 45, 24, 55, 33, -8, -7, -19, 25, 40,
-27, 31, 36, 2, 44, -36, 27, -13, -34, 63, -25, 54,
10, -17, 0, 20, 34, 18, 24, 35, 61, 2, 23, -13,
5, 50, 54, 63, 18, 47, 24, 32, 1, 31, 5, 7,
25, 43, 67, 3, -8, 7, 17, 17, -4, -22, 27, 22,
-36, -20, 28, 45, 20, -35, 56, -47, 17, 7, 11, 36,
26, 2, 5, -15, -17, 35, 32, 18, 31, 31, 5, 28,
-11, 30, -25, 10, -22, 18, -13, -16, 3, 41, 9, 1,
46, 36, 0, 5, 39, -3, -37, 13, 6, 16, -20, -42,
13, 52, 32, 30, 26, -19, 52, 47, 16, 33, 20, 11,
-37, 10, 42, -21, -14, 63, 22, -31, 9, -31, 8, 29,
52, 11, -36, -13, -2, -4, 17, -1, 54, 43, -13, 58,
32, 33, 9, -14, 53, 15, 2, 17, -1, 19, 25, 22,
-10, -33, 44, 65, 30, 11, 74, -16, 13, 23, -2, 26,
8, -22, 35, -2, 41, 56, 43, 81, 42, -14, 55, 58,
25, 60, 19, 4, 21, 26, -9, -5, 40, 24, 52, 6,
45, -15, 28, 50, 48, 54, 62, 7, 2, 20, 11, 53,
7, 33, -40, 15, 28, 28, 30, -21, -8, -13, 20, -18,
8, -16, -2, -28, -10, 26, -2, 3, -4, -12, 31, -3,
15, 25, 4, -10, -3, 30, -21, 29, 32, -12, 47, -16,
2, 8, 10, 30, 23, -25, 26, 31, 15, -4, -8, 23,
-25, 24, 31, 31, -15, -28, 14, -14, 18, -33, 47, 49,
31, -8, 19, -17, 26, 33, -24, 0, -7, -32, 6, -16,
26, 1, 45, -11, 17, 11, -14, -14, 9, -5, -9, -24,
-32, -5, 7, 5, -38, -13, -14, -29, -5, -19, -19, -16,
-26, 8, 40, -8, -35, -15, 4, -13, -47, 11, 20, 21,
-36, -22, -9, 26, -22, -53, 14, -20, 4, -41, 29, 11,
-50, 9, -10, 11, -50, -12, -56, -1, 8, -22, 17, 30,
15, 45, 22, -11, -35, 17, -3, 12, 19, 38, -8, 28,
-65, 30, 12, -47, -3, -30, 28, -49, -33, -14, -19, 27,
-38, 19, 15, 26, -27, 49, 21, -28, -61, -65, -15, -47,
45, -97, 15, -19, -35, -16, -37, -55, -37, 26, 12, -13,
-64, -24, 19, 8, 85, -31, 18, -23, -8, 10, -33, -41,
-20, 74, -35, -16, 27, -33, 14, 19, 30, 22, 11, 13,
-11, 26, 28, 18, 44, 8, -73, 61, 14, 13, -27, 47,
42, 26, -32, -54, -22, 27, 33, 13, 60, -6, -86, 17,
35, 65, 42, 31, -29, 76, -49, -47, 22, 40, 26, -18,
15, -43, -8, 8, 60, 24, 38, 13, -61, 82, -15, 27,
31, 20, -15, 21, -15, 38, -14, 29, 37, 33, 11, 24,
12, 43, 1, 9, -2, 4, -12, 19, 12, 22, -40, -2,
10, 42, 1, 19, 21, 77, -20, -32, 3, 48, 25, 10,
68, -5, 2, 67, 44, 17, 22, 32, 28, 79, 33, 37,
30, 23, 3, 7, 55, 42, -25, 23, 46, 9, -1, 33,
-6, 43, -13, 14, 27, 10, 5, 60, -8, 16, 13, -28,
29, 53, 43, 9, -41, -5, 13, 43, 11, 35, 15, -9,
16, -11, 7, 10, 15, -19, -16, 4, 32, -33, 24, 36,
-52, -24, -20, 0, -33, -1, 0, -21, -24, -17, -21, 10,
2, 5, 6, 0, -19, -27, -16, -48, -21, 15, 0, 2,
3, 34, 22, -8, 51, 9, -32, -11, 10, -11, 27, 40,
33, 56, -23, 31, -5, 22, 30, 30, 55, 5, -33, -44,
-31, 25, -10, 2, 7, 30, -38, 9, 3, 43, 52, 22,
-2, 30, -37, -16, -13, 44, 0, 17, 54, 28, -21, 36,
27, 29, 22, 18, 24, 46, 10, -28, -16, 9, -35, -14,
18, 26, 8, 13, 44, 42, 56, 23, 39, 21, 20, 38,
27, 17, 18, 42, 49, -11, 20, 26, 36, 64, 82, 63,
13, 22, 67, 66, 8, 68, 32, 47, 49, 35, 16, 31,
-24, 21, 62, 52, 73, 76, -1, 4, 4, 65, 0, 10,
48, 42, 44, 26, 38, 11, 93, 27, -4, 84, -7, 4,
20, 48, -3, -1, 39, 26, 30, 18, 53, 49, 26, -13,
48, 49, 54, 21, 36, 36, 36, 6, -44, 76, -12, -18,
32, -42, -10, -17, -7, 3, -29, -23, -25, -22, 8, -54,
26, 80, -11, 33, 34, -19, -46, 18, 66, 52, 23, -16,
-4, 2, 3, 41, 42, 38, 8, 84, 40, 37, -45, 4,
25, 36, 24, 22, 40, 22, 5, -28, 53, -32, 2, 82,
60, 63, 15, 47, -42, 65, 10, 30, 54, 17, 3, 33,
16, -16, 22, 39, 81, 17, -11, 17, -57, 60, 23, 62,
4, 43, 5, 0, -10, -59, 61, -28, 36, -9, -14, -18,
-95, 35, 34, 7, 16, 9, -36, 11, -66, -23, 32, -21,
46, -45, -30, -22, -13, -13, 26, 60, -37, 3, 0, -38,
-65, 15, 20, -8, 6, -19, 8, -34, 17, -22, 1, 34,
-20, -13, 6, 15, -13, -6, 6, -1, 37, -43, -6, 13,
3, -10, -8, -25, -7, -22, -27, 25, -36, -11, -31, -4,
34, -8, -19, -5, -30, -47, 29, -19, -20, 6, 17, -35,
-10, -61, -25, -27, 18, -24, -12, 1, -48, -24, -46, 12,
13, -17, -8, -23, -47, -35, 7, -10, 10, -23, 14, -13,
-13, -10, 5, 29, 0, -41, 29, -23, 3, -28, 31, -14,
-15, -20, -11, -6, -20, 0, -13, 2, -12, -48, -20, -5,
-42, -22, 9, -20, 16, -27, -10, -17, -19, -14, -39, -35,
-8, 10, -53, -49, -76, 6, -35, -32, 19, -31, 36, -24,
-42, -39, -7, 23, -29, -57, -14, 5, -67, -55, -25, -48,
36, -16, 3, -55, -69, -49, 0, -8, -41, -8, -69, -12,
61, 73, 17, 77, 16, 89, -41, 59, 51, 63, 6, 29,
26, 74, 41, 62, 28, -6, 19, -2, 16, 28, 9, 47,
-14, 37, 12, 35, 21, 38, 17, 24, 0, 29, -6, 2,
27, 41, -9, -22, -13, 5, 22, -4, 46, 38, 40, 23,
2, 15, 33, -47, -11, 13, -1, 1, 39, 5, 37, -20,
16, -23, 40, 2, -48, 18, 22, -16, -9, -18, -26, -12,
79, 8, 14, -9, 0, 16, 33, -25, 11, 45, -29, -16,
-32, -17, 19, 39, 47, 38, -7, -26, -2, -4, 69, 41,
-5, 58, 8, 15, -4, -14, 11, -20, 1, 33, -10, -2,
7, 53, 48, -18, 43, 57, -48, 16, 30, 29, -19, 33,
40, 59, -7, -13, 21, 42, 11, -13, -2, -15, 16, 26,
-12, 20, 14, 26, -5, 19, 0, 17, -26, -28, 6, 34,
53, 14, 15, 75, 42, 4, -41, 89, 26, 33, 0, 43,
52, 10, 26, 11, 62, 6, 1, 71, 10, 91, -12, 14,
25, 45, 36, 36, 43, 62, 84, 69, 32, 10, 12, -17,
5, 30, -1, -25, 13, 44, 1, 60, -12, 23, 11, 63,
1, -10, 2, -15, -7, -15, -6, 14, 49, 24, 3, -34,
-30, 7, -21, 8, 35, 7, 35, -40, 24, -16, 21, 52,
47, 30, -17, -6, -2, 14, 10, -3, 47, 21, 42, 2,
-7, 48, -7, 15, 12, -11, 16, 31, 48, 29, 15, 0,
23, 14, -8, 9, 23, 17, 7, 14, 37, 41, 40, 46,
50, 59, 51, 52,
